        Time	          P1	          P2	           M	          Q1	          Q2	          D1	          D2	           B	         EP1	         EP2	          EM	          IC	         Tot	          pH	         fpH	       CO2aq	          O2	       fsalt	        frdx	
  0.0000e+00	  0.0000e+00	  0.0000e+00	  0.0000e+00	  0.0000e+00	  0.0000e+00	  0.0000e+00	  0.0000e+00	  0.0000e+00	  0.0000e+00	  0.0000e+00	  0.0000e+00	  0.0000e+00	  0.0000e+00	  6.2700e+00	  9.9631e-01	  2.9482e-05	  0.0000e+00	  1.0000e+00	  0.0000e+00	
  2.4000e+01	  4.0005e+00	  2.0004e+00	  1.0000e+01	  8.0257e-02	  9.1361e-01	  1.1963e-01	  3.8671e-01	  2.0040e-01	  1.2137e-05	  1.0950e-05	  1.1543e-05	  3.1941e-04	  1.8002e+01	  6.2715e+00	  9.9621e-01	  2.3240e-05	  2.3990e-03	  1.0000e+00	  9.9867e-01	
  4.8000e+01	  4.0011e+00	  2.0007e+00	  1.0000e+01	  6.7505e-02	  9.2579e-01	  1.3221e-01	  3.7487e-01	  2.0085e-01	  1.4228e-05	  1.1880e-05	  1.3054e-05	  6.5292e-04	  1.8003e+01	  6.2710e+00	  9.9624e-01	  2.3368e-05	  2.3947e-03	  1.0000e+00	  9.9866e-01	
  7.2000e+01	  4.0016e+00	  2.0011e+00	  1.0000e+01	  5.9566e-02	  9.3670e-01	  1.3993e-01	  3.6431e-01	  2.0134e-01	  1.6274e-05	  1.2790e-05	  1.4532e-05	  9.9387e-04	  1.8005e+01	  6.2706e+00	  9.9627e-01	  2.3499e-05	  2.3904e-03	  1.0000e+00	  9.9864e-01	
  9.6000e+01	  4.0021e+00	  2.0014e+00	  1.0000e+01	  5.4732e-02	  9.4649e-01	  1.4453e-01	  3.5486e-01	  2.0184e-01	  1.8279e-05	  1.3682e-05	  1.5980e-05	  1.3384e-03	  1.8006e+01	  6.2701e+00	  9.9631e-01	  2.3631e-05	  2.3860e-03	  1.0000e+00	  9.9863e-01	
  1.2000e+02	  4.0026e+00	  2.0018e+00	  1.0000e+01	  5.1824e-02	  9.5531e-01	  1.4719e-01	  3.4640e-01	  2.0235e-01	  2.0241e-05	  1.4556e-05	  1.7399e-05	  1.6843e-03	  1.8008e+01	  6.2697e+00	  9.9634e-01	  2.3764e-05	  2.3816e-03	  1.0000e+00	  9.9861e-01	
  1.4400e+02	  4.0031e+00	  2.0021e+00	  1.0001e+01	  5.0083e-02	  9.6326e-01	  1.4868e-01	  3.3882e-01	  2.0287e-01	  2.2163e-05	  1.5412e-05	  1.8788e-05	  2.0304e-03	  1.8010e+01	  6.2692e+00	  9.9637e-01	  2.3897e-05	  2.3772e-03	  1.0000e+00	  9.9860e-01	
  1.6800e+02	  4.0037e+00	  2.0024e+00	  1.0001e+01	  4.9039e-02	  9.7043e-01	  1.4947e-01	  3.3201e-01	  2.0339e-01	  2.4046e-05	  1.6251e-05	  2.0149e-05	  2.3761e-03	  1.8011e+01	  6.2688e+00	  9.9640e-01	  2.4030e-05	  2.3728e-03	  1.0000e+00	  9.9858e-01	
  1.9200e+02	  4.0042e+00	  2.0027e+00	  1.0001e+01	  4.8409e-02	  9.7692e-01	  1.4984e-01	  3.2590e-01	  2.0391e-01	  2.5890e-05	  1.7073e-05	  2.1482e-05	  2.7211e-03	  1.8013e+01	  6.2683e+00	  9.9643e-01	  2.4163e-05	  2.3684e-03	  1.0000e+00	  9.9857e-01	
  2.1600e+02	  4.0047e+00	  2.0030e+00	  1.0001e+01	  4.8024e-02	  9.8279e-01	  1.4997e-01	  3.2041e-01	  2.0444e-01	  2.7697e-05	  1.7879e-05	  2.2788e-05	  3.0652e-03	  1.8014e+01	  6.2679e+00	  9.9646e-01	  2.4295e-05	  2.3640e-03	  1.0000e+00	  9.9855e-01	
  2.4000e+02	  4.0052e+00	  2.0033e+00	  1.0001e+01	  4.7782e-02	  9.8812e-01	  1.4996e-01	  3.1546e-01	  2.0497e-01	  2.9467e-05	  1.8669e-05	  2.4068e-05	  3.4086e-03	  1.8016e+01	  6.2674e+00	  9.9649e-01	  2.4427e-05	  2.3596e-03	  1.0000e+00	  9.9854e-01	
  2.6400e+02	  4.0056e+00	  2.0036e+00	  1.0001e+01	  4.7625e-02	  9.9296e-01	  1.4986e-01	  3.1102e-01	  2.0549e-01	  3.1202e-05	  1.9443e-05	  2.5323e-05	  3.7512e-03	  1.8017e+01	  6.2670e+00	  9.9651e-01	  2.4558e-05	  2.3552e-03	  1.0000e+00	  9.9852e-01	
  2.8800e+02	  4.0061e+00	  2.0039e+00	  1.0001e+01	  4.7518e-02	  9.9735e-01	  1.4972e-01	  3.0702e-01	  2.0602e-01	  3.2901e-05	  2.0203e-05	  2.6552e-05	  4.0931e-03	  1.8019e+01	  6.2666e+00	  9.9654e-01	  2.4690e-05	  2.3509e-03	  1.0000e+00	  9.9851e-01	
  3.1200e+02	  4.0066e+00	  2.0041e+00	  1.0001e+01	  4.7441e-02	  1.0014e+00	  1.4954e-01	  3.0341e-01	  2.0655e-01	  3.4566e-05	  2.0947e-05	  2.7757e-05	  4.4345e-03	  1.8021e+01	  6.2662e+00	  9.9657e-01	  2.4821e-05	  2.3465e-03	  1.0000e+00	  9.9849e-01	
  3.3600e+02	  4.0071e+00	  2.0044e+00	  1.0002e+01	  4.7380e-02	  1.0050e+00	  1.4936e-01	  3.0017e-01	  2.0708e-01	  3.6199e-05	  2.1677e-05	  2.8938e-05	  4.7754e-03	  1.8022e+01	  6.2657e+00	  9.9660e-01	  2.4951e-05	  2.3422e-03	  1.0000e+00	  9.9847e-01	
  3.6000e+02	  4.0076e+00	  2.0047e+00	  1.0002e+01	  4.7330e-02	  1.0083e+00	  1.4916e-01	  2.9725e-01	  2.0761e-01	  3.7798e-05	  2.2392e-05	  3.0095e-05	  5.1160e-03	  1.8024e+01	  6.2653e+00	  9.9662e-01	  2.5082e-05	  2.3379e-03	  1.0000e+00	  9.9846e-01	
  3.8400e+02	  4.0080e+00	  2.0049e+00	  1.0002e+01	  4.7287e-02	  1.0114e+00	  1.4896e-01	  2.9462e-01	  2.0814e-01	  3.9366e-05	  2.3094e-05	  3.1230e-05	  5.4562e-03	  1.8025e+01	  6.2649e+00	  9.9665e-01	  2.5213e-05	  2.3335e-03	  1.0000e+00	  9.9844e-01	
  4.0800e+02	  4.0085e+00	  2.0051e+00	  1.0002e+01	  4.7246e-02	  1.0142e+00	  1.4876e-01	  2.9225e-01	  2.0867e-01	  4.0904e-05	  2.3782e-05	  3.2343e-05	  5.7963e-03	  1.8027e+01	  6.2645e+00	  9.9668e-01	  2.5343e-05	  2.3292e-03	  1.0000e+00	  9.9843e-01	
  4.3200e+02	  4.0089e+00	  2.0054e+00	  1.0002e+01	  4.7209e-02	  1.0167e+00	  1.4855e-01	  2.9012e-01	  2.0920e-01	  4.2410e-05	  2.4457e-05	  3.3434e-05	  6.1363e-03	  1.8028e+01	  6.2641e+00	  9.9670e-01	  2.5474e-05	  2.3249e-03	  1.0000e+00	  9.9841e-01	
  4.5600e+02	  4.0094e+00	  2.0056e+00	  1.0002e+01	  4.7172e-02	  1.0190e+00	  1.4835e-01	  2.8821e-01	  2.0973e-01	  4.3888e-05	  2.5119e-05	  3.4504e-05	  6.4762e-03	  1.8030e+01	  6.2637e+00	  9.9673e-01	  2.5604e-05	  2.3205e-03	  1.0000e+00	  9.9840e-01	
  4.8000e+02	  4.0099e+00	  2.0058e+00	  1.0003e+01	  4.7136e-02	  1.0212e+00	  1.4815e-01	  2.8649e-01	  2.1026e-01	  4.5337e-05	  2.5769e-05	  3.5553e-05	  6.8161e-03	  1.8032e+01	  6.2633e+00	  9.9675e-01	  2.5735e-05	  2.3162e-03	  1.0000e+00	  9.9838e-01	
  5.0400e+02	  4.0103e+00	  2.0060e+00	  1.0003e+01	  4.7101e-02	  1.0232e+00	  1.4795e-01	  2.8494e-01	  2.1079e-01	  4.6757e-05	  2.6406e-05	  3.6582e-05	  7.1562e-03	  1.8033e+01	  6.2629e+00	  9.9678e-01	  2.5865e-05	  2.3119e-03	  1.0000e+00	  9.9836e-01	
  5.2800e+02	  4.0108e+00	  2.0062e+00	  1.0003e+01	  4.7067e-02	  1.0250e+00	  1.4774e-01	  2.8356e-01	  2.1132e-01	  4.8151e-05	  2.7032e-05	  3.7591e-05	  7.4964e-03	  1.8035e+01	  6.2625e+00	  9.9680e-01	  2.5996e-05	  2.3076e-03	  1.0000e+00	  9.9835e-01	
  5.5200e+02	  4.0112e+00	  2.0064e+00	  1.0003e+01	  4.7033e-02	  1.0267e+00	  1.4754e-01	  2.8232e-01	  2.1186e-01	  4.9517e-05	  2.7645e-05	  3.8581e-05	  7.8367e-03	  1.8036e+01	  6.2621e+00	  9.9682e-01	  2.6127e-05	  2.3032e-03	  1.0000e+00	  9.9833e-01	
  5.7600e+02	  4.0116e+00	  2.0066e+00	  1.0003e+01	  4.6999e-02	  1.0282e+00	  1.4735e-01	  2.8121e-01	  2.1239e-01	  5.0858e-05	  2.8248e-05	  3.9553e-05	  8.1774e-03	  1.8038e+01	  6.2617e+00	  9.9685e-01	  2.6257e-05	  2.2989e-03	  1.0000e+00	  9.9831e-01	
  6.0000e+02	  4.0121e+00	  2.0068e+00	  1.0004e+01	  4.6965e-02	  1.0296e+00	  1.4715e-01	  2.8022e-01	  2.1292e-01	  5.2173e-05	  2.8839e-05	  4.0506e-05	  8.5183e-03	  1.8040e+01	  6.2613e+00	  9.9687e-01	  2.6388e-05	  2.2945e-03	  1.0000e+00	  9.9830e-01	
  6.2400e+02	  4.0125e+00	  2.0070e+00	  1.0004e+01	  4.6931e-02	  1.0310e+00	  1.4695e-01	  2.7933e-01	  2.1346e-01	  5.3463e-05	  2.9419e-05	  4.1441e-05	  8.8595e-03	  1.8041e+01	  6.2609e+00	  9.9689e-01	  2.6519e-05	  2.2902e-03	  1.0000e+00	  9.9828e-01	
  6.4800e+02	  4.0129e+00	  2.0072e+00	  1.0004e+01	  4.6898e-02	  1.0322e+00	  1.4676e-01	  2.7855e-01	  2.1399e-01	  5.4729e-05	  2.9989e-05	  4.2359e-05	  9.2011e-03	  1.8043e+01	  6.2605e+00	  9.9692e-01	  2.6650e-05	  2.2858e-03	  1.0000e+00	  9.9827e-01	
  6.7200e+02	  4.0134e+00	  2.0073e+00	  1.0004e+01	  4.6865e-02	  1.0333e+00	  1.4656e-01	  2.7785e-01	  2.1453e-01	  5.5972e-05	  3.0549e-05	  4.3260e-05	  9.5431e-03	  1.8044e+01	  6.2602e+00	  9.9694e-01	  2.6781e-05	  2.2815e-03	  1.0000e+00	  9.9825e-01	
  6.9600e+02	  4.0138e+00	  2.0075e+00	  1.0005e+01	  4.6831e-02	  1.0344e+00	  1.4637e-01	  2.7723e-01	  2.1507e-01	  5.7191e-05	  3.1098e-05	  4.4144e-05	  9.8855e-03	  1.8046e+01	  6.2598e+00	  9.9696e-01	  2.6913e-05	  2.2771e-03	  1.0000e+00	  9.9823e-01	
  7.2000e+02	  4.0142e+00	  2.0077e+00	  1.0005e+01	  4.6798e-02	  1.0354e+00	  1.4618e-01	  2.7669e-01	  2.1561e-01	  5.8388e-05	  3.1637e-05	  4.5013e-05	  1.0228e-02	  1.8047e+01	  6.2594e+00	  9.9698e-01	  2.7044e-05	  2.2728e-03	  1.0000e+00	  9.9822e-01	
  7.4400e+02	  4.0146e+00	  2.0078e+00	  1.0005e+01	  4.6765e-02	  1.0363e+00	  1.4599e-01	  2.7621e-01	  2.1614e-01	  5.9563e-05	  3.2167e-05	  4.5865e-05	  1.0572e-02	  1.8049e+01	  6.2590e+00	  9.9701e-01	  2.7176e-05	  2.2684e-03	  1.0000e+00	  9.9820e-01	
  7.6800e+02	  4.0150e+00	  2.0080e+00	  1.0005e+01	  4.6733e-02	  1.0372e+00	  1.4579e-01	  2.7580e-01	  2.1668e-01	  6.0716e-05	  3.2687e-05	  4.6702e-05	  1.0916e-02	  1.8051e+01	  6.2587e+00	  9.9703e-01	  2.7308e-05	  2.2640e-03	  1.0000e+00	  9.9818e-01	
  7.9200e+02	  4.0154e+00	  2.0081e+00	  1.0005e+01	  4.6700e-02	  1.0380e+00	  1.4560e-01	  2.7544e-01	  2.1722e-01	  6.1849e-05	  3.3199e-05	  4.7524e-05	  1.1260e-02	  1.8052e+01	  6.2583e+00	  9.9705e-01	  2.7440e-05	  2.2596e-03	  1.0000e+00	  9.9817e-01	
  8.1600e+02	  4.0159e+00	  2.0082e+00	  1.0006e+01	  4.6668e-02	  1.0388e+00	  1.4542e-01	  2.7513e-01	  2.1776e-01	  6.2961e-05	  3.3701e-05	  4.8331e-05	  1.1605e-02	  1.8054e+01	  6.2579e+00	  9.9707e-01	  2.7572e-05	  2.2553e-03	  1.0000e+00	  9.9815e-01	
  8.4000e+02	  4.0163e+00	  2.0084e+00	  1.0006e+01	  4.6635e-02	  1.0395e+00	  1.4523e-01	  2.7487e-01	  2.1830e-01	  6.4053e-05	  3.4195e-05	  4.9124e-05	  1.1950e-02	  1.8055e+01	  6.2575e+00	  9.9709e-01	  2.7705e-05	  2.2509e-03	  1.0000e+00	  9.9813e-01	
  8.6400e+02	  4.0167e+00	  2.0085e+00	  1.0006e+01	  4.6603e-02	  1.0402e+00	  1.4504e-01	  2.7464e-01	  2.1885e-01	  6.5125e-05	  3.4680e-05	  4.9902e-05	  1.2296e-02	  1.8057e+01	  6.2572e+00	  9.9711e-01	  2.7837e-05	  2.2465e-03	  1.0000e+00	  9.9811e-01	
  8.8800e+02	  4.0171e+00	  2.0086e+00	  1.0007e+01	  4.6571e-02	  1.0408e+00	  1.4485e-01	  2.7446e-01	  2.1939e-01	  6.6179e-05	  3.5156e-05	  5.0668e-05	  1.2643e-02	  1.8058e+01	  6.2568e+00	  9.9713e-01	  2.7970e-05	  2.2421e-03	  1.0000e+00	  9.9810e-01	
  9.1200e+02	  4.0175e+00	  2.0087e+00	  1.0007e+01	  4.6538e-02	  1.0414e+00	  1.4467e-01	  2.7431e-01	  2.1993e-01	  6.7214e-05	  3.5625e-05	  5.1419e-05	  1.2990e-02	  1.8060e+01	  6.2564e+00	  9.9715e-01	  2.8103e-05	  2.2376e-03	  1.0000e+00	  9.9808e-01	
  9.3600e+02	  4.0179e+00	  2.0088e+00	  1.0007e+01	  4.6506e-02	  1.0420e+00	  1.4448e-01	  2.7419e-01	  2.2048e-01	  6.8231e-05	  3.6086e-05	  5.2158e-05	  1.3338e-02	  1.8062e+01	  6.2561e+00	  9.9717e-01	  2.8237e-05	  2.2332e-03	  1.0000e+00	  9.9806e-01	
  9.6000e+02	  4.0182e+00	  2.0089e+00	  1.0007e+01	  4.6474e-02	  1.0426e+00	  1.4430e-01	  2.7410e-01	  2.2102e-01	  6.9231e-05	  3.6538e-05	  5.2885e-05	  1.3687e-02	  1.8063e+01	  6.2557e+00	  9.9719e-01	  2.8370e-05	  2.2288e-03	  1.0000e+00	  9.9804e-01	
  9.8400e+02	  4.0186e+00	  2.0090e+00	  1.0008e+01	  4.6442e-02	  1.0431e+00	  1.4411e-01	  2.7404e-01	  2.2157e-01	  7.0213e-05	  3.6984e-05	  5.3598e-05	  1.4036e-02	  1.8065e+01	  6.2554e+00	  9.9721e-01	  2.8504e-05	  2.2243e-03	  1.0000e+00	  9.9803e-01	
  1.0080e+03	  4.0190e+00	  2.0091e+00	  1.0008e+01	  4.6410e-02	  1.0436e+00	  1.4393e-01	  2.7400e-01	  2.2211e-01	  7.1178e-05	  3.7422e-05	  5.4300e-05	  1.4386e-02	  1.8066e+01	  6.2550e+00	  9.9723e-01	  2.8638e-05	  2.2199e-03	  1.0000e+00	  9.9801e-01	
  1.0320e+03	  4.0194e+00	  2.0092e+00	  1.0008e+01	  4.6379e-02	  1.0441e+00	  1.4374e-01	  2.7398e-01	  2.2266e-01	  7.2128e-05	  3.7853e-05	  5.4990e-05	  1.4736e-02	  1.8068e+01	  6.2546e+00	  9.9725e-01	  2.8773e-05	  2.2154e-03	  1.0000e+00	  9.9799e-01	
  1.0560e+03	  4.0198e+00	  2.0093e+00	  1.0008e+01	  4.6347e-02	  1.0446e+00	  1.4356e-01	  2.7398e-01	  2.2321e-01	  7.3061e-05	  3.8277e-05	  5.5669e-05	  1.5087e-02	  1.8069e+01	  6.2543e+00	  9.9727e-01	  2.8907e-05	  2.2110e-03	  1.0000e+00	  9.9797e-01	
  1.0800e+03	  4.0202e+00	  2.0094e+00	  1.0009e+01	  4.6315e-02	  1.0450e+00	  1.4338e-01	  2.7400e-01	  2.2376e-01	  7.3978e-05	  3.8693e-05	  5.6336e-05	  1.5439e-02	  1.8071e+01	  6.2539e+00	  9.9729e-01	  2.9042e-05	  2.2065e-03	  1.0000e+00	  9.9795e-01	
  1.1040e+03	  4.0206e+00	  2.0095e+00	  1.0009e+01	  4.6284e-02	  1.0455e+00	  1.4320e-01	  2.7404e-01	  2.2431e-01	  7.4881e-05	  3.9104e-05	  5.6992e-05	  1.5791e-02	  1.8073e+01	  6.2536e+00	  9.9730e-01	  2.9177e-05	  2.2020e-03	  1.0000e+00	  9.9794e-01	
  1.1280e+03	  4.0209e+00	  2.0096e+00	  1.0009e+01	  4.6252e-02	  1.0459e+00	  1.4301e-01	  2.7409e-01	  2.2486e-01	  7.5768e-05	  3.9508e-05	  5.7638e-05	  1.6145e-02	  1.8074e+01	  6.2532e+00	  9.9732e-01	  2.9312e-05	  2.1975e-03	  1.0000e+00	  9.9792e-01	
  1.1520e+03	  4.0213e+00	  2.0096e+00	  1.0010e+01	  4.6220e-02	  1.0463e+00	  1.4283e-01	  2.7415e-01	  2.2541e-01	  7.6641e-05	  3.9905e-05	  5.8273e-05	  1.6498e-02	  1.8076e+01	  6.2529e+00	  9.9734e-01	  2.9448e-05	  2.1930e-03	  1.0000e+00	  9.9790e-01	
  1.1760e+03	  4.0217e+00	  2.0097e+00	  1.0010e+01	  4.6189e-02	  1.0467e+00	  1.4265e-01	  2.7423e-01	  2.2596e-01	  7.7500e-05	  4.0296e-05	  5.8898e-05	  1.6853e-02	  1.8077e+01	  6.2525e+00	  9.9736e-01	  2.9584e-05	  2.1885e-03	  1.0000e+00	  9.9788e-01	
  1.2000e+03	  4.0221e+00	  2.0098e+00	  1.0010e+01	  4.6157e-02	  1.0471e+00	  1.4247e-01	  2.7432e-01	  2.2651e-01	  7.8345e-05	  4.0681e-05	  5.9513e-05	  1.7208e-02	  1.8079e+01	  6.2522e+00	  9.9738e-01	  2.9720e-05	  2.1840e-03	  1.0000e+00	  9.9786e-01	
  1.2240e+03	  4.0224e+00	  2.0098e+00	  1.0011e+01	  4.6126e-02	  1.0475e+00	  1.4229e-01	  2.7442e-01	  2.2707e-01	  7.9177e-05	  4.1061e-05	  6.0119e-05	  1.7564e-02	  1.8080e+01	  6.2518e+00	  9.9739e-01	  2.9856e-05	  2.1795e-03	  1.0000e+00	  9.9784e-01	
  1.2480e+03	  4.0228e+00	  2.0099e+00	  1.0011e+01	  4.6094e-02	  1.0479e+00	  1.4211e-01	  2.7453e-01	  2.2762e-01	  7.9996e-05	  4.1434e-05	  6.0715e-05	  1.7921e-02	  1.8082e+01	  6.2515e+00	  9.9741e-01	  2.9993e-05	  2.1749e-03	  1.0000e+00	  9.9782e-01	
  1.2720e+03	  4.0232e+00	  2.0099e+00	  1.0011e+01	  4.6063e-02	  1.0482e+00	  1.4193e-01	  2.7464e-01	  2.2818e-01	  8.0802e-05	  4.1802e-05	  6.1302e-05	  1.8278e-02	  1.8084e+01	  6.2512e+00	  9.9743e-01	  3.0130e-05	  2.1704e-03	  1.0000e+00	  9.9781e-01	
  1.2960e+03	  4.0235e+00	  2.0100e+00	  1.0011e+01	  4.6031e-02	  1.0486e+00	  1.4175e-01	  2.7477e-01	  2.2873e-01	  8.1595e-05	  4.2164e-05	  6.1880e-05	  1.8636e-02	  1.8085e+01	  6.2508e+00	  9.9745e-01	  3.0267e-05	  2.1658e-03	  1.0000e+00	  9.9779e-01	
  1.3200e+03	  4.0239e+00	  2.0100e+00	  1.0012e+01	  4.6000e-02	  1.0490e+00	  1.4157e-01	  2.7490e-01	  2.2929e-01	  8.2377e-05	  4.2521e-05	  6.2449e-05	  1.8995e-02	  1.8087e+01	  6.2505e+00	  9.9746e-01	  3.0404e-05	  2.1613e-03	  1.0000e+00	  9.9777e-01	
  1.3440e+03	  4.0242e+00	  2.0101e+00	  1.0012e+01	  4.5969e-02	  1.0493e+00	  1.4139e-01	  2.7504e-01	  2.2985e-01	  8.3146e-05	  4.2873e-05	  6.3009e-05	  1.9355e-02	  1.8088e+01	  6.2501e+00	  9.9748e-01	  3.0542e-05	  2.1567e-03	  1.0000e+00	  9.9775e-01	
  1.3680e+03	  4.0246e+00	  2.0101e+00	  1.0012e+01	  4.5937e-02	  1.0496e+00	  1.4121e-01	  2.7518e-01	  2.3041e-01	  8.3904e-05	  4.3220e-05	  6.3562e-05	  1.9715e-02	  1.8090e+01	  6.2498e+00	  9.9749e-01	  3.0680e-05	  2.1521e-03	  1.0000e+00	  9.9773e-01	
  1.3920e+03	  4.0250e+00	  2.0101e+00	  1.0013e+01	  4.5906e-02	  1.0500e+00	  1.4103e-01	  2.7533e-01	  2.3096e-01	  8.4650e-05	  4.3561e-05	  6.4106e-05	  2.0076e-02	  1.8091e+01	  6.2495e+00	  9.9751e-01	  3.0818e-05	  2.1475e-03	  1.0000e+00	  9.9771e-01	
  1.4160e+03	  4.0253e+00	  2.0102e+00	  1.0013e+01	  4.5874e-02	  1.0503e+00	  1.4086e-01	  2.7549e-01	  2.3152e-01	  8.5386e-05	  4.3898e-05	  6.4642e-05	  2.0438e-02	  1.8093e+01	  6.2491e+00	  9.9753e-01	  3.0957e-05	  2.1429e-03	  1.0000e+00	  9.9769e-01	
  1.4400e+03	  4.0257e+00	  2.0102e+00	  1.0013e+01	  4.5843e-02	  1.0507e+00	  1.4068e-01	  2.7565e-01	  2.3208e-01	  8.6111e-05	  4.4230e-05	  6.5171e-05	  2.0800e-02	  1.8094e+01	  6.2488e+00	  9.9754e-01	  3.1096e-05	  2.1383e-03	  1.0000e+00	  9.9767e-01	
  1.4640e+03	  4.0260e+00	  2.0102e+00	  1.0014e+01	  4.5811e-02	  1.0510e+00	  1.4050e-01	  2.7582e-01	  2.3265e-01	  8.6825e-05	  4.4558e-05	  6.5691e-05	  2.1163e-02	  1.8096e+01	  6.2485e+00	  9.9756e-01	  3.1235e-05	  2.1337e-03	  1.0000e+00	  9.9765e-01	
  1.4880e+03	  4.0264e+00	  2.0102e+00	  1.0014e+01	  4.5780e-02	  1.0513e+00	  1.4032e-01	  2.7598e-01	  2.3321e-01	  8.7529e-05	  4.4881e-05	  6.6205e-05	  2.1527e-02	  1.8098e+01	  6.2481e+00	  9.9757e-01	  3.1374e-05	  2.1291e-03	  1.0000e+00	  9.9763e-01	
  1.5120e+03	  4.0267e+00	  2.0103e+00	  1.0014e+01	  4.5749e-02	  1.0516e+00	  1.4014e-01	  2.7616e-01	  2.3377e-01	  8.8224e-05	  4.5199e-05	  6.6711e-05	  2.1892e-02	  1.8099e+01	  6.2478e+00	  9.9759e-01	  3.1514e-05	  2.1245e-03	  1.0000e+00	  9.9761e-01	
  1.5360e+03	  4.0270e+00	  2.0103e+00	  1.0015e+01	  4.5717e-02	  1.0519e+00	  1.3996e-01	  2.7633e-01	  2.3433e-01	  8.8908e-05	  4.5513e-05	  6.7211e-05	  2.2257e-02	  1.8101e+01	  6.2475e+00	  9.9760e-01	  3.1654e-05	  2.1198e-03	  1.0000e+00	  9.9759e-01	
  1.5600e+03	  4.0274e+00	  2.0103e+00	  1.0015e+01	  4.5686e-02	  1.0523e+00	  1.3979e-01	  2.7651e-01	  2.3490e-01	  8.9583e-05	  4.5824e-05	  6.7703e-05	  2.2624e-02	  1.8102e+01	  6.2471e+00	  9.9762e-01	  3.1794e-05	  2.1152e-03	  1.0000e+00	  9.9757e-01	
  1.5840e+03	  4.0277e+00	  2.0103e+00	  1.0016e+01	  4.5654e-02	  1.0526e+00	  1.3961e-01	  2.7669e-01	  2.3546e-01	  9.0249e-05	  4.6130e-05	  6.8189e-05	  2.2990e-02	  1.8104e+01	  6.2468e+00	  9.9763e-01	  3.1934e-05	  2.1105e-03	  1.0000e+00	  9.9755e-01	
  1.6080e+03	  4.0281e+00	  2.0103e+00	  1.0016e+01	  4.5623e-02	  1.0529e+00	  1.3943e-01	  2.7688e-01	  2.3603e-01	  9.0906e-05	  4.6432e-05	  6.8669e-05	  2.3358e-02	  1.8105e+01	  6.2465e+00	  9.9765e-01	  3.2075e-05	  2.1058e-03	  1.0000e+00	  9.9753e-01	
  1.6320e+03	  4.0284e+00	  2.0103e+00	  1.0016e+01	  4.5591e-02	  1.0532e+00	  1.3925e-01	  2.7706e-01	  2.3660e-01	  9.1554e-05	  4.6730e-05	  6.9142e-05	  2.3727e-02	  1.8107e+01	  6.2462e+00	  9.9766e-01	  3.2216e-05	  2.1012e-03	  1.0000e+00	  9.9751e-01	
  1.6560e+03	  4.0288e+00	  2.0103e+00	  1.0017e+01	  4.5559e-02	  1.0535e+00	  1.3907e-01	  2.7725e-01	  2.3716e-01	  9.2193e-05	  4.7024e-05	  6.9609e-05	  2.4096e-02	  1.8108e+01	  6.2458e+00	  9.9768e-01	  3.2358e-05	  2.0965e-03	  1.0000e+00	  9.9748e-01	
  1.6800e+03	  4.0291e+00	  2.0103e+00	  1.0017e+01	  4.5528e-02	  1.0538e+00	  1.3890e-01	  2.7744e-01	  2.3773e-01	  9.2824e-05	  4.7315e-05	  7.0069e-05	  2.4466e-02	  1.8110e+01	  6.2455e+00	  9.9769e-01	  3.2499e-05	  2.0918e-03	  1.0000e+00	  9.9746e-01	
  1.7040e+03	  4.0294e+00	  2.0103e+00	  1.0017e+01	  4.5496e-02	  1.0541e+00	  1.3872e-01	  2.7763e-01	  2.3830e-01	  9.3447e-05	  4.7602e-05	  7.0524e-05	  2.4836e-02	  1.8112e+01	  6.2452e+00	  9.9771e-01	  3.2641e-05	  2.0871e-03	  1.0000e+00	  9.9744e-01	
  1.7280e+03	  4.0298e+00	  2.0103e+00	  1.0018e+01	  4.5465e-02	  1.0544e+00	  1.3854e-01	  2.7783e-01	  2.3887e-01	  9.4062e-05	  4.7885e-05	  7.0974e-05	  2.5208e-02	  1.8113e+01	  6.2449e+00	  9.9772e-01	  3.2783e-05	  2.0823e-03	  1.0000e+00	  9.9742e-01	
  1.7520e+03	  4.0301e+00	  2.0102e+00	  1.0018e+01	  4.5433e-02	  1.0547e+00	  1.3836e-01	  2.7802e-01	  2.3944e-01	  9.4669e-05	  4.8165e-05	  7.1417e-05	  2.5580e-02	  1.8115e+01	  6.2445e+00	  9.9773e-01	  3.2926e-05	  2.0776e-03	  1.0000e+00	  9.9740e-01	
  1.7760e+03	  4.0304e+00	  2.0102e+00	  1.0018e+01	  4.5401e-02	  1.0550e+00	  1.3819e-01	  2.7822e-01	  2.4001e-01	  9.5269e-05	  4.8442e-05	  7.1856e-05	  2.5953e-02	  1.8116e+01	  6.2442e+00	  9.9775e-01	  3.3068e-05	  2.0729e-03	  1.0000e+00	  9.9738e-01	
  1.8000e+03	  4.0308e+00	  2.0102e+00	  1.0019e+01	  4.5369e-02	  1.0554e+00	  1.3801e-01	  2.7842e-01	  2.4058e-01	  9.5862e-05	  4.8715e-05	  7.2289e-05	  2.6327e-02	  1.8118e+01	  6.2439e+00	  9.9776e-01	  3.3211e-05	  2.0681e-03	  1.0000e+00	  9.9736e-01	
  1.8240e+03	  4.0311e+00	  2.0102e+00	  1.0019e+01	  4.5337e-02	  1.0557e+00	  1.3783e-01	  2.7861e-01	  2.4116e-01	  9.6447e-05	  4.8986e-05	  7.2716e-05	  2.6701e-02	  1.8119e+01	  6.2436e+00	  9.9777e-01	  3.3355e-05	  2.0634e-03	  1.0000e+00	  9.9733e-01	
  1.8480e+03	  4.0314e+00	  2.0102e+00	  1.0020e+01	  4.5306e-02	  1.0560e+00	  1.3765e-01	  2.7882e-01	  2.4173e-01	  9.7025e-05	  4.9253e-05	  7.3139e-05	  2.7076e-02	  1.8121e+01	  6.2433e+00	  9.9779e-01	  3.3498e-05	  2.0586e-03	  1.0000e+00	  9.9731e-01	
  1.8720e+03	  4.0317e+00	  2.0101e+00	  1.0020e+01	  4.5274e-02	  1.0563e+00	  1.3747e-01	  2.7902e-01	  2.4230e-01	  9.7597e-05	  4.9517e-05	  7.3557e-05	  2.7452e-02	  1.8122e+01	  6.2430e+00	  9.9780e-01	  3.3642e-05	  2.0538e-03	  1.0000e+00	  9.9729e-01	
  1.8960e+03	  4.0321e+00	  2.0101e+00	  1.0020e+01	  4.5242e-02	  1.0566e+00	  1.3730e-01	  2.7922e-01	  2.4288e-01	  9.8161e-05	  4.9778e-05	  7.3970e-05	  2.7829e-02	  1.8124e+01	  6.2426e+00	  9.9781e-01	  3.3786e-05	  2.0491e-03	  1.0000e+00	  9.9727e-01	
  1.9200e+03	  4.0324e+00	  2.0101e+00	  1.0021e+01	  4.5210e-02	  1.0569e+00	  1.3712e-01	  2.7942e-01	  2.4345e-01	  9.8720e-05	  5.0036e-05	  7.4378e-05	  2.8207e-02	  1.8125e+01	  6.2423e+00	  9.9783e-01	  3.3931e-05	  2.0443e-03	  1.0000e+00	  9.9724e-01	
  1.9440e+03	  4.0327e+00	  2.0100e+00	  1.0021e+01	  4.5178e-02	  1.0572e+00	  1.3694e-01	  2.7963e-01	  2.4403e-01	  9.9272e-05	  5.0292e-05	  7.4782e-05	  2.8585e-02	  1.8127e+01	  6.2420e+00	  9.9784e-01	  3.4075e-05	  2.0395e-03	  1.0000e+00	  9.9722e-01	
  1.9680e+03	  4.0330e+00	  2.0100e+00	  1.0021e+01	  4.5145e-02	  1.0575e+00	  1.3676e-01	  2.7983e-01	  2.4461e-01	  9.9818e-05	  5.0545e-05	  7.5181e-05	  2.8964e-02	  1.8129e+01	  6.2417e+00	  9.9785e-01	  3.4220e-05	  2.0347e-03	  1.0000e+00	  9.9720e-01	
  1.9920e+03	  4.0333e+00	  2.0099e+00	  1.0022e+01	  4.5113e-02	  1.0578e+00	  1.3658e-01	  2.8004e-01	  2.4519e-01	  1.0036e-04	  5.0795e-05	  7.5576e-05	  2.9344e-02	  1.8130e+01	  6.2414e+00	  9.9786e-01	  3.4365e-05	  2.0298e-03	  1.0000e+00	  9.9717e-01	
  2.0160e+03	  4.0337e+00	  2.0099e+00	  1.0022e+01	  4.5081e-02	  1.0581e+00	  1.3640e-01	  2.8024e-01	  2.4576e-01	  1.0089e-04	  5.1042e-05	  7.5967e-05	  2.9724e-02	  1.8132e+01	  6.2411e+00	  9.9787e-01	  3.4511e-05	  2.0250e-03	  1.0000e+00	  9.9715e-01	
  2.0400e+03	  4.0340e+00	  2.0098e+00	  1.0023e+01	  4.5049e-02	  1.0584e+00	  1.3622e-01	  2.8045e-01	  2.4634e-01	  1.0142e-04	  5.1287e-05	  7.6353e-05	  3.0106e-02	  1.8133e+01	  6.2408e+00	  9.9789e-01	  3.4657e-05	  2.0202e-03	  1.0000e+00	  9.9713e-01	
  2.0640e+03	  4.0343e+00	  2.0098e+00	  1.0023e+01	  4.5016e-02	  1.0587e+00	  1.3604e-01	  2.8066e-01	  2.4692e-01	  1.0194e-04	  5.1530e-05	  7.6736e-05	  3.0488e-02	  1.8135e+01	  6.2405e+00	  9.9790e-01	  3.4803e-05	  2.0153e-03	  1.0000e+00	  9.9710e-01	
  2.0880e+03	  4.0346e+00	  2.0097e+00	  1.0023e+01	  4.4984e-02	  1.0590e+00	  1.3586e-01	  2.8087e-01	  2.4750e-01	  1.0246e-04	  5.1770e-05	  7.7115e-05	  3.0870e-02	  1.8136e+01	  6.2402e+00	  9.9791e-01	  3.4949e-05	  2.0105e-03	  1.0000e+00	  9.9708e-01	
  2.1120e+03	  4.0349e+00	  2.0097e+00	  1.0024e+01	  4.4951e-02	  1.0593e+00	  1.3569e-01	  2.8107e-01	  2.4809e-01	  1.0297e-04	  5.2007e-05	  7.7490e-05	  3.1254e-02	  1.8138e+01	  6.2399e+00	  9.9792e-01	  3.5096e-05	  2.0056e-03	  1.0000e+00	  9.9706e-01	
  2.1360e+03	  4.0352e+00	  2.0096e+00	  1.0024e+01	  4.4919e-02	  1.0596e+00	  1.3551e-01	  2.8128e-01	  2.4867e-01	  1.0348e-04	  5.2243e-05	  7.7861e-05	  3.1638e-02	  1.8139e+01	  6.2396e+00	  9.9793e-01	  3.5243e-05	  2.0007e-03	  1.0000e+00	  9.9703e-01	
  2.1600e+03	  4.0355e+00	  2.0096e+00	  1.0025e+01	  4.4886e-02	  1.0599e+00	  1.3533e-01	  2.8149e-01	  2.4925e-01	  1.0398e-04	  5.2476e-05	  7.8228e-05	  3.2024e-02	  1.8141e+01	  6.2393e+00	  9.9795e-01	  3.5390e-05	  1.9958e-03	  1.0000e+00	  9.9701e-01	
  2.1840e+03	  4.0359e+00	  2.0095e+00	  1.0025e+01	  4.4853e-02	  1.0602e+00	  1.3515e-01	  2.8170e-01	  2.4983e-01	  1.0448e-04	  5.2707e-05	  7.8592e-05	  3.2409e-02	  1.8142e+01	  6.2390e+00	  9.9796e-01	  3.5538e-05	  1.9909e-03	  1.0000e+00	  9.9698e-01	
  2.2080e+03	  4.0362e+00	  2.0095e+00	  1.0025e+01	  4.4821e-02	  1.0605e+00	  1.3497e-01	  2.8191e-01	  2.5042e-01	  1.0497e-04	  5.2936e-05	  7.8953e-05	  3.2796e-02	  1.8144e+01	  6.2387e+00	  9.9797e-01	  3.5686e-05	  1.9860e-03	  1.0000e+00	  9.9696e-01	
  2.2320e+03	  4.0365e+00	  2.0094e+00	  1.0026e+01	  4.4788e-02	  1.0608e+00	  1.3479e-01	  2.8212e-01	  2.5100e-01	  1.0546e-04	  5.3162e-05	  7.9310e-05	  3.3184e-02	  1.8145e+01	  6.2384e+00	  9.9798e-01	  3.5834e-05	  1.9811e-03	  1.0000e+00	  9.9694e-01	
  2.2560e+03	  4.0368e+00	  2.0093e+00	  1.0026e+01	  4.4755e-02	  1.0611e+00	  1.3461e-01	  2.8234e-01	  2.5159e-01	  1.0594e-04	  5.3387e-05	  7.9664e-05	  3.3572e-02	  1.8147e+01	  6.2381e+00	  9.9799e-01	  3.5982e-05	  1.9762e-03	  1.0000e+00	  9.9691e-01	
  2.2800e+03	  4.0371e+00	  2.0092e+00	  1.0027e+01	  4.4722e-02	  1.0614e+00	  1.3443e-01	  2.8255e-01	  2.5218e-01	  1.0642e-04	  5.3610e-05	  8.0015e-05	  3.3961e-02	  1.8148e+01	  6.2378e+00	  9.9800e-01	  3.6131e-05	  1.9713e-03	  1.0000e+00	  9.9689e-01	
  2.3040e+03	  4.0374e+00	  2.0092e+00	  1.0027e+01	  4.4689e-02	  1.0617e+00	  1.3424e-01	  2.8276e-01	  2.5276e-01	  1.0689e-04	  5.3831e-05	  8.0363e-05	  3.4350e-02	  1.8150e+01	  6.2375e+00	  9.9801e-01	  3.6280e-05	  1.9663e-03	  1.0000e+00	  9.9686e-01	
  2.3280e+03	  4.0377e+00	  2.0091e+00	  1.0027e+01	  4.4656e-02	  1.0620e+00	  1.3406e-01	  2.8297e-01	  2.5335e-01	  1.0737e-04	  5.4050e-05	  8.0707e-05	  3.4741e-02	  1.8152e+01	  6.2372e+00	  9.9802e-01	  3.6429e-05	  1.9614e-03	  1.0000e+00	  9.9684e-01	
  2.3520e+03	  4.0380e+00	  2.0090e+00	  1.0028e+01	  4.4623e-02	  1.0623e+00	  1.3388e-01	  2.8318e-01	  2.5394e-01	  1.0783e-04	  5.4267e-05	  8.1049e-05	  3.5132e-02	  1.8153e+01	  6.2369e+00	  9.9803e-01	  3.6578e-05	  1.9564e-03	  1.0000e+00	  9.9681e-01	
  2.3760e+03	  4.0383e+00	  2.0089e+00	  1.0028e+01	  4.4589e-02	  1.0626e+00	  1.3370e-01	  2.8340e-01	  2.5453e-01	  1.0829e-04	  5.4482e-05	  8.1388e-05	  3.5524e-02	  1.8155e+01	  6.2366e+00	  9.9804e-01	  3.6728e-05	  1.9514e-03	  1.0000e+00	  9.9678e-01	
  2.4000e+03	  4.0386e+00	  2.0089e+00	  1.0029e+01	  4.4556e-02	  1.0629e+00	  1.3352e-01	  2.8361e-01	  2.5512e-01	  1.0875e-04	  5.4696e-05	  8.1724e-05	  3.5917e-02	  1.8156e+01	  6.2363e+00	  9.9805e-01	  3.6878e-05	  1.9464e-03	  1.0000e+00	  9.9676e-01	
  2.4240e+03	  4.0389e+00	  2.0088e+00	  1.0029e+01	  4.4523e-02	  1.0632e+00	  1.3334e-01	  2.8382e-01	  2.5571e-01	  1.0921e-04	  5.4907e-05	  8.2057e-05	  3.6310e-02	  1.8158e+01	  6.2360e+00	  9.9806e-01	  3.7029e-05	  1.9415e-03	  1.0000e+00	  9.9673e-01	
  2.4480e+03	  4.0392e+00	  2.0087e+00	  1.0030e+01	  4.4489e-02	  1.0635e+00	  1.3316e-01	  2.8404e-01	  2.5630e-01	  1.0966e-04	  5.5118e-05	  8.2388e-05	  3.6705e-02	  1.8159e+01	  6.2357e+00	  9.9807e-01	  3.7179e-05	  1.9365e-03	  1.0000e+00	  9.9671e-01	
  2.4720e+03	  4.0395e+00	  2.0086e+00	  1.0030e+01	  4.4456e-02	  1.0638e+00	  1.3297e-01	  2.8425e-01	  2.5689e-01	  1.1011e-04	  5.5326e-05	  8.2716e-05	  3.7100e-02	  1.8161e+01	  6.2354e+00	  9.9808e-01	  3.7330e-05	  1.9314e-03	  1.0000e+00	  9.9668e-01	
  2.4960e+03	  4.0398e+00	  2.0085e+00	  1.0030e+01	  4.4422e-02	  1.0641e+00	  1.3279e-01	  2.8447e-01	  2.5749e-01	  1.1055e-04	  5.5533e-05	  8.3042e-05	  3.7495e-02	  1.8162e+01	  6.2351e+00	  9.9809e-01	  3.7481e-05	  1.9264e-03	  1.0000e+00	  9.9665e-01	
  2.5200e+03	  4.0401e+00	  2.0084e+00	  1.0031e+01	  4.4388e-02	  1.0644e+00	  1.3261e-01	  2.8468e-01	  2.5808e-01	  1.1099e-04	  5.5739e-05	  8.3365e-05	  3.7892e-02	  1.8164e+01	  6.2348e+00	  9.9810e-01	  3.7633e-05	  1.9214e-03	  1.0000e+00	  9.9663e-01	
  2.5440e+03	  4.0404e+00	  2.0083e+00	  1.0031e+01	  4.4354e-02	  1.0647e+00	  1.3243e-01	  2.8489e-01	  2.5867e-01	  1.1143e-04	  5.5943e-05	  8.3686e-05	  3.8289e-02	  1.8165e+01	  6.2345e+00	  9.9811e-01	  3.7785e-05	  1.9164e-03	  1.0000e+00	  9.9660e-01	
  2.5680e+03	  4.0407e+00	  2.0082e+00	  1.0032e+01	  4.4321e-02	  1.0650e+00	  1.3224e-01	  2.8511e-01	  2.5927e-01	  1.1186e-04	  5.6146e-05	  8.4004e-05	  3.8687e-02	  1.8167e+01	  6.2342e+00	  9.9812e-01	  3.7937e-05	  1.9113e-03	  1.0000e+00	  9.9657e-01	
  2.5920e+03	  4.0410e+00	  2.0081e+00	  1.0032e+01	  4.4287e-02	  1.0653e+00	  1.3206e-01	  2.8532e-01	  2.5986e-01	  1.1229e-04	  5.6347e-05	  8.4320e-05	  3.9086e-02	  1.8168e+01	  6.2339e+00	  9.9813e-01	  3.8089e-05	  1.9063e-03	  1.0000e+00	  9.9654e-01	
  2.6160e+03	  4.0413e+00	  2.0080e+00	  1.0033e+01	  4.4253e-02	  1.0656e+00	  1.3188e-01	  2.8554e-01	  2.6046e-01	  1.1272e-04	  5.6546e-05	  8.4634e-05	  3.9486e-02	  1.8170e+01	  6.2337e+00	  9.9814e-01	  3.8242e-05	  1.9012e-03	  1.0000e+00	  9.9652e-01	
  2.6400e+03	  4.0416e+00	  2.0079e+00	  1.0033e+01	  4.4218e-02	  1.0659e+00	  1.3169e-01	  2.8576e-01	  2.6106e-01	  1.1315e-04	  5.6745e-05	  8.4946e-05	  3.9886e-02	  1.8171e+01	  6.2334e+00	  9.9815e-01	  3.8395e-05	  1.8961e-03	  1.0000e+00	  9.9649e-01	
  2.6640e+03	  4.0418e+00	  2.0078e+00	  1.0033e+01	  4.4184e-02	  1.0662e+00	  1.3151e-01	  2.8597e-01	  2.6165e-01	  1.1357e-04	  5.6942e-05	  8.5256e-05	  4.0287e-02	  1.8173e+01	  6.2331e+00	  9.9816e-01	  3.8548e-05	  1.8910e-03	  1.0000e+00	  9.9646e-01	
  2.6880e+03	  4.0421e+00	  2.0077e+00	  1.0034e+01	  4.4150e-02	  1.0665e+00	  1.3132e-01	  2.8619e-01	  2.6225e-01	  1.1399e-04	  5.7138e-05	  8.5563e-05	  4.0689e-02	  1.8174e+01	  6.2328e+00	  9.9816e-01	  3.8701e-05	  1.8859e-03	  1.0000e+00	  9.9643e-01	
  2.7120e+03	  4.0424e+00	  2.0076e+00	  1.0034e+01	  4.4116e-02	  1.0668e+00	  1.3114e-01	  2.8640e-01	  2.6285e-01	  1.1441e-04	  5.7333e-05	  8.5869e-05	  4.1092e-02	  1.8176e+01	  6.2325e+00	  9.9817e-01	  3.8855e-05	  1.8808e-03	  1.0000e+00	  9.9640e-01	
  2.7360e+03	  4.0427e+00	  2.0075e+00	  1.0035e+01	  4.4081e-02	  1.0671e+00	  1.3096e-01	  2.8662e-01	  2.6345e-01	  1.1482e-04	  5.7526e-05	  8.6173e-05	  4.1495e-02	  1.8177e+01	  6.2322e+00	  9.9818e-01	  3.9009e-05	  1.8757e-03	  1.0000e+00	  9.9638e-01	
  2.7600e+03	  4.0430e+00	  2.0074e+00	  1.0035e+01	  4.4047e-02	  1.0674e+00	  1.3077e-01	  2.8684e-01	  2.6405e-01	  1.1523e-04	  5.7718e-05	  8.6475e-05	  4.1900e-02	  1.8179e+01	  6.2320e+00	  9.9819e-01	  3.9164e-05	  1.8706e-03	  1.0000e+00	  9.9635e-01	
  2.7840e+03	  4.0433e+00	  2.0073e+00	  1.0036e+01	  4.4012e-02	  1.0677e+00	  1.3059e-01	  2.8705e-01	  2.6465e-01	  1.1564e-04	  5.7909e-05	  8.6775e-05	  4.2304e-02	  1.8180e+01	  6.2317e+00	  9.9820e-01	  3.9318e-05	  1.8655e-03	  1.0000e+00	  9.9632e-01	
  2.8080e+03	  4.0436e+00	  2.0071e+00	  1.0036e+01	  4.3977e-02	  1.0680e+00	  1.3040e-01	  2.8727e-01	  2.6525e-01	  1.1605e-04	  5.8099e-05	  8.7073e-05	  4.2710e-02	  1.8182e+01	  6.2314e+00	  9.9821e-01	  3.9473e-05	  1.8603e-03	  1.0000e+00	  9.9629e-01	
  2.8320e+03	  4.0439e+00	  2.0070e+00	  1.0037e+01	  4.3942e-02	  1.0683e+00	  1.3022e-01	  2.8749e-01	  2.6585e-01	  1.1645e-04	  5.8288e-05	  8.7370e-05	  4.3117e-02	  1.8183e+01	  6.2311e+00	  9.9821e-01	  3.9628e-05	  1.8552e-03	  1.0000e+00	  9.9626e-01	
  2.8560e+03	  4.0441e+00	  2.0069e+00	  1.0037e+01	  4.3908e-02	  1.0686e+00	  1.3003e-01	  2.8770e-01	  2.6646e-01	  1.1685e-04	  5.8476e-05	  8.7665e-05	  4.3524e-02	  1.8185e+01	  6.2308e+00	  9.9822e-01	  3.9784e-05	  1.8500e-03	  1.0000e+00	  9.9623e-01	
  2.8800e+03	  4.0444e+00	  2.0068e+00	  1.0037e+01	  4.3873e-02	  1.0689e+00	  1.2984e-01	  2.8792e-01	  2.6706e-01	  1.1725e-04	  5.8663e-05	  8.7958e-05	  4.3932e-02	  1.8186e+01	  6.2306e+00	  9.9823e-01	  3.9939e-05	  1.8449e-03	  1.0000e+00	  9.9620e-01	
  2.9040e+03	  4.0447e+00	  2.0067e+00	  1.0038e+01	  4.3838e-02	  1.0692e+00	  1.2966e-01	  2.8814e-01	  2.6766e-01	  1.1765e-04	  5.8848e-05	  8.8250e-05	  4.4341e-02	  1.8188e+01	  6.2303e+00	  9.9824e-01	  4.0096e-05	  1.8397e-03	  1.0000e+00	  9.9617e-01	
  2.9280e+03	  4.0450e+00	  2.0065e+00	  1.0038e+01	  4.3802e-02	  1.0695e+00	  1.2947e-01	  2.8836e-01	  2.6827e-01	  1.1805e-04	  5.9033e-05	  8.8540e-05	  4.4750e-02	  1.8190e+01	  6.2300e+00	  9.9825e-01	  4.0252e-05	  1.8345e-03	  1.0000e+00	  9.9614e-01	
  2.9520e+03	  4.0453e+00	  2.0064e+00	  1.0039e+01	  4.3767e-02	  1.0698e+00	  1.2928e-01	  2.8857e-01	  2.6887e-01	  1.1844e-04	  5.9217e-05	  8.8829e-05	  4.5160e-02	  1.8191e+01	  6.2297e+00	  9.9825e-01	  4.0408e-05	  1.8293e-03	  1.0000e+00	  9.9611e-01	
  2.9760e+03	  4.0455e+00	  2.0063e+00	  1.0039e+01	  4.3732e-02	  1.0701e+00	  1.2910e-01	  2.8879e-01	  2.6948e-01	  1.1883e-04	  5.9400e-05	  8.9116e-05	  4.5571e-02	  1.8193e+01	  6.2295e+00	  9.9826e-01	  4.0565e-05	  1.8241e-03	  1.0000e+00	  9.9608e-01	
  3.0000e+03	  4.0458e+00	  2.0061e+00	  1.0040e+01	  4.3697e-02	  1.0704e+00	  1.2891e-01	  2.8901e-01	  2.7008e-01	  1.1922e-04	  5.9582e-05	  8.9402e-05	  4.5983e-02	  1.8194e+01	  6.2292e+00	  9.9827e-01	  4.0722e-05	  1.8189e-03	  1.0000e+00	  9.9605e-01	
  3.0240e+03	  4.0461e+00	  2.0060e+00	  1.0040e+01	  4.3661e-02	  1.0707e+00	  1.2872e-01	  2.8923e-01	  2.7069e-01	  1.1961e-04	  5.9763e-05	  8.9686e-05	  4.6395e-02	  1.8196e+01	  6.2289e+00	  9.9828e-01	  4.0880e-05	  1.8137e-03	  1.0000e+00	  9.9602e-01	
  3.0480e+03	  4.0464e+00	  2.0059e+00	  1.0041e+01	  4.3625e-02	  1.0710e+00	  1.2854e-01	  2.8945e-01	  2.7130e-01	  1.2000e-04	  5.9943e-05	  8.9969e-05	  4.6809e-02	  1.8197e+01	  6.2286e+00	  9.9828e-01	  4.1038e-05	  1.8084e-03	  1.0000e+00	  9.9599e-01	
  3.0720e+03	  4.0467e+00	  2.0057e+00	  1.0041e+01	  4.3590e-02	  1.0713e+00	  1.2835e-01	  2.8967e-01	  2.7191e-01	  1.2038e-04	  6.0123e-05	  9.0251e-05	  4.7223e-02	  1.8199e+01	  6.2284e+00	  9.9829e-01	  4.1196e-05	  1.8032e-03	  1.0000e+00	  9.9595e-01	
  3.0960e+03	  4.0469e+00	  2.0056e+00	  1.0042e+01	  4.3554e-02	  1.0716e+00	  1.2816e-01	  2.8988e-01	  2.7251e-01	  1.2076e-04	  6.0301e-05	  9.0532e-05	  4.7638e-02	  1.8200e+01	  6.2281e+00	  9.9830e-01	  4.1354e-05	  1.7979e-03	  1.0000e+00	  9.9592e-01	
  3.1200e+03	  4.0472e+00	  2.0054e+00	  1.0042e+01	  4.3518e-02	  1.0719e+00	  1.2797e-01	  2.9010e-01	  2.7312e-01	  1.2114e-04	  6.0479e-05	  9.0811e-05	  4.8053e-02	  1.8202e+01	  6.2278e+00	  9.9831e-01	  4.1512e-05	  1.7927e-03	  1.0000e+00	  9.9589e-01	
  3.1440e+03	  4.0475e+00	  2.0053e+00	  1.0042e+01	  4.3482e-02	  1.0722e+00	  1.2778e-01	  2.9032e-01	  2.7373e-01	  1.2152e-04	  6.0656e-05	  9.1089e-05	  4.8469e-02	  1.8203e+01	  6.2275e+00	  9.9831e-01	  4.1671e-05	  1.7874e-03	  1.0000e+00	  9.9586e-01	
  3.1680e+03	  4.0478e+00	  2.0052e+00	  1.0043e+01	  4.3446e-02	  1.0725e+00	  1.2760e-01	  2.9054e-01	  2.7434e-01	  1.2190e-04	  6.0832e-05	  9.1366e-05	  4.8886e-02	  1.8205e+01	  6.2273e+00	  9.9832e-01	  4.1830e-05	  1.7821e-03	  1.0000e+00	  9.9582e-01	
  3.1920e+03	  4.0480e+00	  2.0050e+00	  1.0043e+01	  4.3410e-02	  1.0728e+00	  1.2741e-01	  2.9076e-01	  2.7495e-01	  1.2228e-04	  6.1008e-05	  9.1641e-05	  4.9304e-02	  1.8206e+01	  6.2270e+00	  9.9833e-01	  4.1990e-05	  1.7768e-03	  1.0000e+00	  9.9579e-01	
  3.2160e+03	  4.0483e+00	  2.0049e+00	  1.0044e+01	  4.3374e-02	  1.0731e+00	  1.2722e-01	  2.9098e-01	  2.7557e-01	  1.2265e-04	  6.1183e-05	  9.1916e-05	  4.9723e-02	  1.8208e+01	  6.2267e+00	  9.9833e-01	  4.2149e-05	  1.7715e-03	  1.0000e+00	  9.9576e-01	
  3.2400e+03	  4.0486e+00	  2.0047e+00	  1.0044e+01	  4.3338e-02	  1.0734e+00	  1.2703e-01	  2.9120e-01	  2.7618e-01	  1.2302e-04	  6.1357e-05	  9.2190e-05	  5.0142e-02	  1.8209e+01	  6.2265e+00	  9.9834e-01	  4.2309e-05	  1.7662e-03	  1.0000e+00	  9.9572e-01	
  3.2640e+03	  4.0488e+00	  2.0046e+00	  1.0045e+01	  4.3302e-02	  1.0737e+00	  1.2684e-01	  2.9142e-01	  2.7679e-01	  1.2339e-04	  6.1530e-05	  9.2462e-05	  5.0562e-02	  1.8211e+01	  6.2262e+00	  9.9834e-01	  4.2470e-05	  1.7609e-03	  1.0000e+00	  9.9569e-01	
  3.2880e+03	  4.0491e+00	  2.0044e+00	  1.0045e+01	  4.3265e-02	  1.0740e+00	  1.2665e-01	  2.9164e-01	  2.7740e-01	  1.2376e-04	  6.1703e-05	  9.2734e-05	  5.0983e-02	  1.8212e+01	  6.2259e+00	  9.9835e-01	  4.2630e-05	  1.7556e-03	  1.0000e+00	  9.9566e-01	
  3.3120e+03	  4.0494e+00	  2.0043e+00	  1.0046e+01	  4.3229e-02	  1.0743e+00	  1.2646e-01	  2.9186e-01	  2.7802e-01	  1.2413e-04	  6.1875e-05	  9.3004e-05	  5.1404e-02	  1.8214e+01	  6.2257e+00	  9.9836e-01	  4.2791e-05	  1.7503e-03	  1.0000e+00	  9.9562e-01	
  3.3360e+03	  4.0496e+00	  2.0041e+00	  1.0046e+01	  4.3192e-02	  1.0746e+00	  1.2627e-01	  2.9208e-01	  2.7863e-01	  1.2450e-04	  6.2047e-05	  9.3274e-05	  5.1827e-02	  1.8215e+01	  6.2254e+00	  9.9836e-01	  4.2952e-05	  1.7449e-03	  1.0000e+00	  9.9559e-01	
  3.3600e+03	  4.0499e+00	  2.0039e+00	  1.0047e+01	  4.3155e-02	  1.0749e+00	  1.2608e-01	  2.9230e-01	  2.7925e-01	  1.2487e-04	  6.2218e-05	  9.3542e-05	  5.2250e-02	  1.8217e+01	  6.2251e+00	  9.9837e-01	  4.3113e-05	  1.7396e-03	  1.0000e+00	  9.9555e-01	
  3.3840e+03	  4.0502e+00	  2.0038e+00	  1.0047e+01	  4.3119e-02	  1.0752e+00	  1.2589e-01	  2.9252e-01	  2.7986e-01	  1.2523e-04	  6.2388e-05	  9.3810e-05	  5.2673e-02	  1.8218e+01	  6.2249e+00	  9.9838e-01	  4.3275e-05	  1.7342e-03	  1.0000e+00	  9.9552e-01	
  3.4080e+03	  4.0504e+00	  2.0036e+00	  1.0048e+01	  4.3082e-02	  1.0755e+00	  1.2570e-01	  2.9274e-01	  2.8048e-01	  1.2560e-04	  6.2558e-05	  9.4077e-05	  5.3098e-02	  1.8220e+01	  6.2246e+00	  9.9838e-01	  4.3437e-05	  1.7288e-03	  1.0000e+00	  9.9548e-01	
  3.4320e+03	  4.0507e+00	  2.0034e+00	  1.0048e+01	  4.3045e-02	  1.0758e+00	  1.2551e-01	  2.9296e-01	  2.8109e-01	  1.2596e-04	  6.2727e-05	  9.4343e-05	  5.3523e-02	  1.8221e+01	  6.2244e+00	  9.9839e-01	  4.3599e-05	  1.7234e-03	  1.0000e+00	  9.9545e-01	
  3.4560e+03	  4.0510e+00	  2.0033e+00	  1.0049e+01	  4.3008e-02	  1.0761e+00	  1.2532e-01	  2.9318e-01	  2.8171e-01	  1.2632e-04	  6.2895e-05	  9.4608e-05	  5.3949e-02	  1.8223e+01	  6.2241e+00	  9.9839e-01	  4.3761e-05	  1.7181e-03	  1.0000e+00	  9.9541e-01	
  3.4800e+03	  4.0512e+00	  2.0031e+00	  1.0049e+01	  4.2971e-02	  1.0764e+00	  1.2513e-01	  2.9341e-01	  2.8233e-01	  1.2668e-04	  6.3063e-05	  9.4873e-05	  5.4376e-02	  1.8224e+01	  6.2238e+00	  9.9840e-01	  4.3924e-05	  1.7127e-03	  1.0000e+00	  9.9538e-01	
  3.5040e+03	  4.0515e+00	  2.0029e+00	  1.0050e+01	  4.2934e-02	  1.0767e+00	  1.2494e-01	  2.9363e-01	  2.8294e-01	  1.2704e-04	  6.3231e-05	  9.5136e-05	  5.4803e-02	  1.8226e+01	  6.2236e+00	  9.9840e-01	  4.4087e-05	  1.7073e-03	  1.0000e+00	  9.9534e-01	
  3.5280e+03	  4.0518e+00	  2.0028e+00	  1.0050e+01	  4.2896e-02	  1.0770e+00	  1.2475e-01	  2.9385e-01	  2.8356e-01	  1.2740e-04	  6.3398e-05	  9.5399e-05	  5.5232e-02	  1.8227e+01	  6.2233e+00	  9.9841e-01	  4.4250e-05	  1.7018e-03	  1.0000e+00	  9.9530e-01	
  3.5520e+03	  4.0520e+00	  2.0026e+00	  1.0051e+01	  4.2859e-02	  1.0773e+00	  1.2456e-01	  2.9407e-01	  2.8418e-01	  1.2776e-04	  6.3565e-05	  9.5661e-05	  5.5661e-02	  1.8229e+01	  6.2230e+00	  9.9842e-01	  4.4414e-05	  1.6964e-03	  1.0000e+00	  9.9527e-01	
  3.5760e+03	  4.0523e+00	  2.0024e+00	  1.0051e+01	  4.2822e-02	  1.0776e+00	  1.2436e-01	  2.9429e-01	  2.8480e-01	  1.2811e-04	  6.3731e-05	  9.5923e-05	  5.6090e-02	  1.8230e+01	  6.2228e+00	  9.9842e-01	  4.4578e-05	  1.6910e-03	  1.0000e+00	  9.9523e-01	
  3.6000e+03	  4.0525e+00	  2.0023e+00	  1.0052e+01	  4.2784e-02	  1.0779e+00	  1.2417e-01	  2.9451e-01	  2.8542e-01	  1.2847e-04	  6.3896e-05	  9.6183e-05	  5.6521e-02	  1.8232e+01	  6.2225e+00	  9.9843e-01	  4.4742e-05	  1.6855e-03	  1.0000e+00	  9.9519e-01	
  3.6240e+03	  4.0528e+00	  2.0021e+00	  1.0052e+01	  4.2747e-02	  1.0782e+00	  1.2398e-01	  2.9473e-01	  2.8604e-01	  1.2882e-04	  6.4062e-05	  9.6443e-05	  5.6952e-02	  1.8233e+01	  6.2223e+00	  9.9843e-01	  4.4906e-05	  1.6801e-03	  1.0000e+00	  9.9515e-01	
  3.6480e+03	  4.0531e+00	  2.0019e+00	  1.0053e+01	  4.2709e-02	  1.0785e+00	  1.2379e-01	  2.9496e-01	  2.8666e-01	  1.2918e-04	  6.4226e-05	  9.6703e-05	  5.7384e-02	  1.8234e+01	  6.2220e+00	  9.9844e-01	  4.5071e-05	  1.6746e-03	  1.0000e+00	  9.9512e-01	
  3.6720e+03	  4.0533e+00	  2.0017e+00	  1.0053e+01	  4.2671e-02	  1.0788e+00	  1.2360e-01	  2.9518e-01	  2.8728e-01	  1.2953e-04	  6.4391e-05	  9.6961e-05	  5.7817e-02	  1.8236e+01	  6.2218e+00	  9.9844e-01	  4.5236e-05	  1.6691e-03	  1.0000e+00	  9.9508e-01	
  3.6960e+03	  4.0536e+00	  2.0015e+00	  1.0054e+01	  4.2633e-02	  1.0791e+00	  1.2340e-01	  2.9540e-01	  2.8790e-01	  1.2988e-04	  6.4555e-05	  9.7220e-05	  5.8250e-02	  1.8237e+01	  6.2215e+00	  9.9845e-01	  4.5401e-05	  1.6637e-03	  1.0000e+00	  9.9504e-01	
  3.7200e+03	  4.0538e+00	  2.0013e+00	  1.0054e+01	  4.2595e-02	  1.0794e+00	  1.2321e-01	  2.9562e-01	  2.8853e-01	  1.3024e-04	  6.4718e-05	  9.7477e-05	  5.8684e-02	  1.8239e+01	  6.2213e+00	  9.9845e-01	  4.5566e-05	  1.6582e-03	  1.0000e+00	  9.9500e-01	
  3.7440e+03	  4.0541e+00	  2.0012e+00	  1.0055e+01	  4.2558e-02	  1.0797e+00	  1.2302e-01	  2.9585e-01	  2.8915e-01	  1.3059e-04	  6.4881e-05	  9.7734e-05	  5.9119e-02	  1.8240e+01	  6.2210e+00	  9.9846e-01	  4.5732e-05	  1.6527e-03	  1.0000e+00	  9.9496e-01	
  3.7680e+03	  4.0544e+00	  2.0010e+00	  1.0055e+01	  4.2519e-02	  1.0800e+00	  1.2283e-01	  2.9607e-01	  2.8977e-01	  1.3094e-04	  6.5044e-05	  9.7991e-05	  5.9555e-02	  1.8242e+01	  6.2207e+00	  9.9846e-01	  4.5898e-05	  1.6472e-03	  1.0000e+00	  9.9492e-01	
  3.7920e+03	  4.0546e+00	  2.0008e+00	  1.0056e+01	  4.2481e-02	  1.0803e+00	  1.2263e-01	  2.9629e-01	  2.9040e-01	  1.3129e-04	  6.5206e-05	  9.8247e-05	  5.9991e-02	  1.8243e+01	  6.2205e+00	  9.9846e-01	  4.6064e-05	  1.6417e-03	  1.0000e+00	  9.9488e-01	
  3.8160e+03	  4.0549e+00	  2.0006e+00	  1.0056e+01	  4.2443e-02	  1.0806e+00	  1.2244e-01	  2.9651e-01	  2.9102e-01	  1.3164e-04	  6.5368e-05	  9.8502e-05	  6.0428e-02	  1.8245e+01	  6.2202e+00	  9.9847e-01	  4.6231e-05	  1.6361e-03	  1.0000e+00	  9.9484e-01	
  3.8400e+03	  4.0551e+00	  2.0004e+00	  1.0057e+01	  4.2405e-02	  1.0809e+00	  1.2225e-01	  2.9674e-01	  2.9164e-01	  1.3198e-04	  6.5530e-05	  9.8757e-05	  6.0866e-02	  1.8246e+01	  6.2200e+00	  9.9847e-01	  4.6398e-05	  1.6306e-03	  1.0000e+00	  9.9480e-01	
  3.8640e+03	  4.0554e+00	  2.0002e+00	  1.0057e+01	  4.2366e-02	  1.0812e+00	  1.2205e-01	  2.9696e-01	  2.9227e-01	  1.3233e-04	  6.5691e-05	  9.9011e-05	  6.1304e-02	  1.8248e+01	  6.2197e+00	  9.9848e-01	  4.6565e-05	  1.6251e-03	  1.0000e+00	  9.9476e-01	
  3.8880e+03	  4.0556e+00	  2.0000e+00	  1.0058e+01	  4.2328e-02	  1.0815e+00	  1.2186e-01	  2.9718e-01	  2.9290e-01	  1.3268e-04	  6.5852e-05	  9.9265e-05	  6.1744e-02	  1.8249e+01	  6.2195e+00	  9.9848e-01	  4.6732e-05	  1.6195e-03	  1.0000e+00	  9.9472e-01	
  3.9120e+03	  4.0559e+00	  1.9998e+00	  1.0058e+01	  4.2290e-02	  1.0818e+00	  1.2167e-01	  2.9741e-01	  2.9352e-01	  1.3302e-04	  6.6013e-05	  9.9519e-05	  6.2184e-02	  1.8251e+01	  6.2192e+00	  9.9849e-01	  4.6900e-05	  1.6139e-03	  1.0000e+00	  9.9467e-01	
  3.9360e+03	  4.0561e+00	  1.9996e+00	  1.0059e+01	  4.2251e-02	  1.0821e+00	  1.2147e-01	  2.9763e-01	  2.9415e-01	  1.3337e-04	  6.6173e-05	  9.9772e-05	  6.2624e-02	  1.8252e+01	  6.2190e+00	  9.9849e-01	  4.7067e-05	  1.6084e-03	  1.0000e+00	  9.9463e-01	
  3.9600e+03	  4.0564e+00	  1.9994e+00	  1.0059e+01	  4.2212e-02	  1.0824e+00	  1.2128e-01	  2.9785e-01	  2.9477e-01	  1.3372e-04	  6.6333e-05	  1.0002e-04	  6.3066e-02	  1.8254e+01	  6.2187e+00	  9.9849e-01	  4.7236e-05	  1.6028e-03	  1.0000e+00	  9.9459e-01	
  3.9840e+03	  4.0566e+00	  1.9992e+00	  1.0060e+01	  4.2174e-02	  1.0827e+00	  1.2109e-01	  2.9808e-01	  2.9540e-01	  1.3406e-04	  6.6493e-05	  1.0028e-04	  6.3508e-02	  1.8255e+01	  6.2185e+00	  9.9850e-01	  4.7404e-05	  1.5972e-03	  1.0000e+00	  9.9455e-01	
  4.0080e+03	  4.0569e+00	  1.9990e+00	  1.0060e+01	  4.2135e-02	  1.0830e+00	  1.2089e-01	  2.9830e-01	  2.9603e-01	  1.3440e-04	  6.6652e-05	  1.0053e-04	  6.3951e-02	  1.8257e+01	  6.2182e+00	  9.9850e-01	  4.7573e-05	  1.5916e-03	  1.0000e+00	  9.9450e-01	
  4.0320e+03	  4.0571e+00	  1.9988e+00	  1.0061e+01	  4.2096e-02	  1.0833e+00	  1.2070e-01	  2.9853e-01	  2.9666e-01	  1.3475e-04	  6.6811e-05	  1.0078e-04	  6.4395e-02	  1.8258e+01	  6.2180e+00	  9.9851e-01	  4.7742e-05	  1.5860e-03	  1.0000e+00	  9.9446e-01	
  4.0560e+03	  4.0574e+00	  1.9986e+00	  1.0061e+01	  4.2057e-02	  1.0836e+00	  1.2051e-01	  2.9875e-01	  2.9729e-01	  1.3509e-04	  6.6970e-05	  1.0103e-04	  6.4839e-02	  1.8260e+01	  6.2177e+00	  9.9851e-01	  4.7911e-05	  1.5804e-03	  1.0000e+00	  9.9442e-01	
  4.0800e+03	  4.0576e+00	  1.9984e+00	  1.0062e+01	  4.2018e-02	  1.0839e+00	  1.2031e-01	  2.9897e-01	  2.9791e-01	  1.3543e-04	  6.7129e-05	  1.0128e-04	  6.5284e-02	  1.8261e+01	  6.2175e+00	  9.9851e-01	  4.8080e-05	  1.5748e-03	  1.0000e+00	  9.9437e-01	
  4.1040e+03	  4.0579e+00	  1.9982e+00	  1.0062e+01	  4.1979e-02	  1.0842e+00	  1.2012e-01	  2.9920e-01	  2.9854e-01	  1.3578e-04	  6.7287e-05	  1.0153e-04	  6.5730e-02	  1.8263e+01	  6.2173e+00	  9.9852e-01	  4.8250e-05	  1.5691e-03	  1.0000e+00	  9.9433e-01	
  4.1280e+03	  4.0581e+00	  1.9980e+00	  1.0063e+01	  4.1940e-02	  1.0845e+00	  1.1992e-01	  2.9942e-01	  2.9917e-01	  1.3612e-04	  6.7445e-05	  1.0178e-04	  6.6176e-02	  1.8264e+01	  6.2170e+00	  9.9852e-01	  4.8420e-05	  1.5635e-03	  1.0000e+00	  9.9428e-01	
  4.1520e+03	  4.0583e+00	  1.9978e+00	  1.0063e+01	  4.1901e-02	  1.0848e+00	  1.1973e-01	  2.9965e-01	  2.9980e-01	  1.3646e-04	  6.7603e-05	  1.0203e-04	  6.6624e-02	  1.8266e+01	  6.2168e+00	  9.9853e-01	  4.8591e-05	  1.5579e-03	  1.0000e+00	  9.9424e-01	
  4.1760e+03	  4.0586e+00	  1.9975e+00	  1.0064e+01	  4.1861e-02	  1.0851e+00	  1.1953e-01	  2.9987e-01	  3.0043e-01	  1.3680e-04	  6.7760e-05	  1.0228e-04	  6.7072e-02	  1.8267e+01	  6.2165e+00	  9.9853e-01	  4.8761e-05	  1.5522e-03	  1.0000e+00	  9.9419e-01	
  4.2000e+03	  4.0588e+00	  1.9973e+00	  1.0064e+01	  4.1822e-02	  1.0854e+00	  1.1934e-01	  3.0010e-01	  3.0106e-01	  1.3714e-04	  6.7918e-05	  1.0253e-04	  6.7520e-02	  1.8269e+01	  6.2163e+00	  9.9853e-01	  4.8932e-05	  1.5465e-03	  1.0000e+00	  9.9414e-01	
  4.2240e+03	  4.0591e+00	  1.9971e+00	  1.0065e+01	  4.1782e-02	  1.0857e+00	  1.1915e-01	  3.0032e-01	  3.0169e-01	  1.3748e-04	  6.8075e-05	  1.0278e-04	  6.7970e-02	  1.8270e+01	  6.2160e+00	  9.9854e-01	  4.9103e-05	  1.5409e-03	  1.0000e+00	  9.9410e-01	
  4.2480e+03	  4.0593e+00	  1.9969e+00	  1.0065e+01	  4.1743e-02	  1.0860e+00	  1.1895e-01	  3.0055e-01	  3.0233e-01	  1.3782e-04	  6.8232e-05	  1.0303e-04	  6.8420e-02	  1.8271e+01	  6.2158e+00	  9.9854e-01	  4.9275e-05	  1.5352e-03	  1.0000e+00	  9.9405e-01	
  4.2720e+03	  4.0596e+00	  1.9967e+00	  1.0066e+01	  4.1703e-02	  1.0863e+00	  1.1876e-01	  3.0077e-01	  3.0296e-01	  1.3816e-04	  6.8388e-05	  1.0327e-04	  6.8871e-02	  1.8273e+01	  6.2156e+00	  9.9854e-01	  4.9446e-05	  1.5295e-03	  1.0000e+00	  9.9400e-01	
  4.2960e+03	  4.0598e+00	  1.9964e+00	  1.0066e+01	  4.1664e-02	  1.0866e+00	  1.1856e-01	  3.0100e-01	  3.0359e-01	  1.3850e-04	  6.8545e-05	  1.0352e-04	  6.9322e-02	  1.8274e+01	  6.2153e+00	  9.9854e-01	  4.9618e-05	  1.5238e-03	  9.9999e-01	  9.9395e-01	
  4.3200e+03	  4.0600e+00	  1.9962e+00	  1.0067e+01	  4.1624e-02	  1.0869e+00	  1.1837e-01	  3.0122e-01	  3.0422e-01	  1.3884e-04	  6.8701e-05	  1.0377e-04	  6.9775e-02	  1.8276e+01	  6.2151e+00	  9.9855e-01	  4.9790e-05	  1.5181e-03	  9.9999e-01	  9.9391e-01	
  4.3440e+03	  4.0603e+00	  1.9960e+00	  1.0067e+01	  4.1584e-02	  1.0872e+00	  1.1817e-01	  3.0145e-01	  3.0486e-01	  1.3918e-04	  6.8857e-05	  1.0402e-04	  7.0228e-02	  1.8277e+01	  6.2148e+00	  9.9855e-01	  4.9963e-05	  1.5124e-03	  9.9999e-01	  9.9386e-01	
  4.3680e+03	  4.0605e+00	  1.9958e+00	  1.0068e+01	  4.1545e-02	  1.0875e+00	  1.1798e-01	  3.0167e-01	  3.0549e-01	  1.3952e-04	  6.9013e-05	  1.0426e-04	  7.0681e-02	  1.8279e+01	  6.2146e+00	  9.9855e-01	  5.0135e-05	  1.5066e-03	  9.9999e-01	  9.9381e-01	
  4.3920e+03	  4.0608e+00	  1.9955e+00	  1.0068e+01	  4.1505e-02	  1.0878e+00	  1.1778e-01	  3.0190e-01	  3.0612e-01	  1.3986e-04	  6.9169e-05	  1.0451e-04	  7.1136e-02	  1.8280e+01	  6.2144e+00	  9.9856e-01	  5.0308e-05	  1.5009e-03	  9.9999e-01	  9.9376e-01	
  4.4160e+03	  4.0610e+00	  1.9953e+00	  1.0069e+01	  4.1465e-02	  1.0881e+00	  1.1759e-01	  3.0213e-01	  3.0676e-01	  1.4019e-04	  6.9324e-05	  1.0476e-04	  7.1591e-02	  1.8282e+01	  6.2141e+00	  9.9856e-01	  5.0482e-05	  1.4951e-03	  9.9999e-01	  9.9371e-01	
  4.4400e+03	  4.0612e+00	  1.9951e+00	  1.0070e+01	  4.1425e-02	  1.0884e+00	  1.1739e-01	  3.0235e-01	  3.0739e-01	  1.4053e-04	  6.9479e-05	  1.0501e-04	  7.2047e-02	  1.8283e+01	  6.2139e+00	  9.9856e-01	  5.0655e-05	  1.4894e-03	  9.9999e-01	  9.9366e-01	
  4.4640e+03	  4.0615e+00	  1.9948e+00	  1.0070e+01	  4.1385e-02	  1.0887e+00	  1.1720e-01	  3.0258e-01	  3.0803e-01	  1.4087e-04	  6.9634e-05	  1.0525e-04	  7.2503e-02	  1.8285e+01	  6.2136e+00	  9.9856e-01	  5.0829e-05	  1.4836e-03	  9.9999e-01	  9.9361e-01	
  4.4880e+03	  4.0617e+00	  1.9946e+00	  1.0071e+01	  4.1345e-02	  1.0890e+00	  1.1700e-01	  3.0280e-01	  3.0866e-01	  1.4121e-04	  6.9789e-05	  1.0550e-04	  7.2961e-02	  1.8286e+01	  6.2134e+00	  9.9857e-01	  5.1003e-05	  1.4779e-03	  9.9999e-01	  9.9355e-01	
  4.5120e+03	  4.0619e+00	  1.9944e+00	  1.0071e+01	  4.1305e-02	  1.0893e+00	  1.1681e-01	  3.0303e-01	  3.0930e-01	  1.4154e-04	  6.9944e-05	  1.0574e-04	  7.3419e-02	  1.8288e+01	  6.2132e+00	  9.9857e-01	  5.1177e-05	  1.4721e-03	  9.9999e-01	  9.9350e-01	
  4.5360e+03	  4.0622e+00	  1.9941e+00	  1.0072e+01	  4.1264e-02	  1.0896e+00	  1.1661e-01	  3.0326e-01	  3.0993e-01	  1.4188e-04	  7.0099e-05	  1.0599e-04	  7.3877e-02	  1.8289e+01	  6.2129e+00	  9.9857e-01	  5.1352e-05	  1.4663e-03	  9.9999e-01	  9.9345e-01	
  4.5600e+03	  4.0624e+00	  1.9939e+00	  1.0072e+01	  4.1224e-02	  1.0899e+00	  1.1642e-01	  3.0348e-01	  3.1057e-01	  1.4222e-04	  7.0253e-05	  1.0623e-04	  7.4337e-02	  1.8290e+01	  6.2127e+00	  9.9857e-01	  5.1526e-05	  1.4605e-03	  9.9999e-01	  9.9340e-01	
  4.5840e+03	  4.0627e+00	  1.9937e+00	  1.0073e+01	  4.1184e-02	  1.0902e+00	  1.1623e-01	  3.0371e-01	  3.1120e-01	  1.4255e-04	  7.0407e-05	  1.0648e-04	  7.4797e-02	  1.8292e+01	  6.2125e+00	  9.9858e-01	  5.1701e-05	  1.4547e-03	  9.9999e-01	  9.9334e-01	
  4.6080e+03	  4.0629e+00	  1.9934e+00	  1.0073e+01	  4.1143e-02	  1.0905e+00	  1.1603e-01	  3.0394e-01	  3.1184e-01	  1.4289e-04	  7.0562e-05	  1.0673e-04	  7.5258e-02	  1.8293e+01	  6.2122e+00	  9.9858e-01	  5.1877e-05	  1.4489e-03	  9.9999e-01	  9.9329e-01	
  4.6320e+03	  4.0631e+00	  1.9932e+00	  1.0074e+01	  4.1103e-02	  1.0908e+00	  1.1584e-01	  3.0416e-01	  3.1248e-01	  1.4322e-04	  7.0716e-05	  1.0697e-04	  7.5719e-02	  1.8295e+01	  6.2120e+00	  9.9858e-01	  5.2052e-05	  1.4431e-03	  9.9999e-01	  9.9323e-01	
  4.6560e+03	  4.0633e+00	  1.9929e+00	  1.0074e+01	  4.1062e-02	  1.0911e+00	  1.1564e-01	  3.0439e-01	  3.1311e-01	  1.4356e-04	  7.0869e-05	  1.0722e-04	  7.6181e-02	  1.8296e+01	  6.2118e+00	  9.9858e-01	  5.2228e-05	  1.4372e-03	  9.9999e-01	  9.9318e-01	
  4.6800e+03	  4.0636e+00	  1.9927e+00	  1.0075e+01	  4.1022e-02	  1.0914e+00	  1.1545e-01	  3.0462e-01	  3.1375e-01	  1.4390e-04	  7.1023e-05	  1.0746e-04	  7.6644e-02	  1.8298e+01	  6.2115e+00	  9.9859e-01	  5.2404e-05	  1.4314e-03	  9.9999e-01	  9.9312e-01	
  4.7040e+03	  4.0638e+00	  1.9924e+00	  1.0076e+01	  4.0981e-02	  1.0917e+00	  1.1525e-01	  3.0484e-01	  3.1439e-01	  1.4423e-04	  7.1177e-05	  1.0770e-04	  7.7108e-02	  1.8299e+01	  6.2113e+00	  9.9859e-01	  5.2580e-05	  1.4256e-03	  9.9999e-01	  9.9307e-01	
  4.7280e+03	  4.0640e+00	  1.9922e+00	  1.0076e+01	  4.0941e-02	  1.0920e+00	  1.1506e-01	  3.0507e-01	  3.1503e-01	  1.4457e-04	  7.1330e-05	  1.0795e-04	  7.7572e-02	  1.8301e+01	  6.2111e+00	  9.9859e-01	  5.2757e-05	  1.4197e-03	  9.9999e-01	  9.9301e-01	
  4.7520e+03	  4.0643e+00	  1.9919e+00	  1.0077e+01	  4.0900e-02	  1.0923e+00	  1.1486e-01	  3.0530e-01	  3.1566e-01	  1.4490e-04	  7.1483e-05	  1.0819e-04	  7.8037e-02	  1.8302e+01	  6.2108e+00	  9.9859e-01	  5.2934e-05	  1.4138e-03	  9.9999e-01	  9.9295e-01	
  4.7760e+03	  4.0645e+00	  1.9917e+00	  1.0077e+01	  4.0859e-02	  1.0926e+00	  1.1467e-01	  3.0553e-01	  3.1630e-01	  1.4524e-04	  7.1637e-05	  1.0844e-04	  7.8503e-02	  1.8304e+01	  6.2106e+00	  9.9859e-01	  5.3111e-05	  1.4080e-03	  9.9999e-01	  9.9290e-01	
  4.8000e+03	  4.0647e+00	  1.9914e+00	  1.0078e+01	  4.0819e-02	  1.0929e+00	  1.1447e-01	  3.0575e-01	  3.1694e-01	  1.4557e-04	  7.1790e-05	  1.0868e-04	  7.8969e-02	  1.8305e+01	  6.2104e+00	  9.9860e-01	  5.3288e-05	  1.4021e-03	  9.9999e-01	  9.9284e-01	
  4.8240e+03	  4.0650e+00	  1.9912e+00	  1.0078e+01	  4.0778e-02	  1.0932e+00	  1.1428e-01	  3.0598e-01	  3.1758e-01	  1.4591e-04	  7.1943e-05	  1.0893e-04	  7.9436e-02	  1.8307e+01	  6.2101e+00	  9.9860e-01	  5.3466e-05	  1.3962e-03	  9.9999e-01	  9.9278e-01	
  4.8480e+03	  4.0652e+00	  1.9909e+00	  1.0079e+01	  4.0737e-02	  1.0935e+00	  1.1409e-01	  3.0621e-01	  3.1822e-01	  1.4624e-04	  7.2095e-05	  1.0917e-04	  7.9904e-02	  1.8308e+01	  6.2099e+00	  9.9860e-01	  5.3644e-05	  1.3903e-03	  9.9999e-01	  9.9272e-01	
  4.8720e+03	  4.0654e+00	  1.9907e+00	  1.0079e+01	  4.0696e-02	  1.0937e+00	  1.1389e-01	  3.0644e-01	  3.1886e-01	  1.4658e-04	  7.2248e-05	  1.0941e-04	  8.0372e-02	  1.8309e+01	  6.2097e+00	  9.9860e-01	  5.3822e-05	  1.3844e-03	  9.9999e-01	  9.9266e-01	
  4.8960e+03	  4.0656e+00	  1.9904e+00	  1.0080e+01	  4.0655e-02	  1.0940e+00	  1.1370e-01	  3.0667e-01	  3.1950e-01	  1.4691e-04	  7.2401e-05	  1.0966e-04	  8.0841e-02	  1.8311e+01	  6.2095e+00	  9.9860e-01	  5.4000e-05	  1.3785e-03	  9.9999e-01	  9.9260e-01	
  4.9200e+03	  4.0659e+00	  1.9901e+00	  1.0080e+01	  4.0614e-02	  1.0943e+00	  1.1350e-01	  3.0689e-01	  3.2014e-01	  1.4725e-04	  7.2553e-05	  1.0990e-04	  8.1311e-02	  1.8312e+01	  6.2092e+00	  9.9860e-01	  5.4179e-05	  1.3726e-03	  9.9999e-01	  9.9254e-01	
  4.9440e+03	  4.0661e+00	  1.9899e+00	  1.0081e+01	  4.0573e-02	  1.0946e+00	  1.1331e-01	  3.0712e-01	  3.2078e-01	  1.4758e-04	  7.2705e-05	  1.1014e-04	  8.1782e-02	  1.8314e+01	  6.2090e+00	  9.9860e-01	  5.4358e-05	  1.3666e-03	  9.9999e-01	  9.9248e-01	
  4.9680e+03	  4.0663e+00	  1.9896e+00	  1.0082e+01	  4.0532e-02	  1.0949e+00	  1.1312e-01	  3.0735e-01	  3.2142e-01	  1.4792e-04	  7.2858e-05	  1.1039e-04	  8.2253e-02	  1.8315e+01	  6.2088e+00	  9.9861e-01	  5.4537e-05	  1.3607e-03	  9.9999e-01	  9.9241e-01	
  4.9920e+03	  4.0665e+00	  1.9893e+00	  1.0082e+01	  4.0491e-02	  1.0952e+00	  1.1292e-01	  3.0758e-01	  3.2206e-01	  1.4825e-04	  7.3010e-05	  1.1063e-04	  8.2725e-02	  1.8317e+01	  6.2085e+00	  9.9861e-01	  5.4717e-05	  1.3547e-03	  9.9999e-01	  9.9235e-01	
  5.0160e+03	  4.0668e+00	  1.9891e+00	  1.0083e+01	  4.0450e-02	  1.0955e+00	  1.1273e-01	  3.0781e-01	  3.2270e-01	  1.4859e-04	  7.3162e-05	  1.1088e-04	  8.3197e-02	  1.8318e+01	  6.2083e+00	  9.9861e-01	  5.4896e-05	  1.3488e-03	  9.9999e-01	  9.9229e-01	
  5.0400e+03	  4.0670e+00	  1.9888e+00	  1.0083e+01	  4.0409e-02	  1.0958e+00	  1.1254e-01	  3.0803e-01	  3.2334e-01	  1.4892e-04	  7.3314e-05	  1.1112e-04	  8.3671e-02	  1.8320e+01	  6.2081e+00	  9.9861e-01	  5.5076e-05	  1.3428e-03	  9.9999e-01	  9.9222e-01	
  5.0640e+03	  4.0672e+00	  1.9885e+00	  1.0084e+01	  4.0367e-02	  1.0961e+00	  1.1234e-01	  3.0826e-01	  3.2398e-01	  1.4926e-04	  7.3466e-05	  1.1136e-04	  8.4145e-02	  1.8321e+01	  6.2079e+00	  9.9861e-01	  5.5256e-05	  1.3368e-03	  9.9999e-01	  9.9216e-01	
  5.0880e+03	  4.0674e+00	  1.9883e+00	  1.0084e+01	  4.0326e-02	  1.0964e+00	  1.1215e-01	  3.0849e-01	  3.2462e-01	  1.4959e-04	  7.3617e-05	  1.1160e-04	  8.4619e-02	  1.8322e+01	  6.2076e+00	  9.9861e-01	  5.5437e-05	  1.3309e-03	  9.9999e-01	  9.9209e-01	
  5.1120e+03	  4.0676e+00	  1.9880e+00	  1.0085e+01	  4.0285e-02	  1.0967e+00	  1.1196e-01	  3.0872e-01	  3.2527e-01	  1.4993e-04	  7.3769e-05	  1.1185e-04	  8.5095e-02	  1.8324e+01	  6.2074e+00	  9.9861e-01	  5.5617e-05	  1.3249e-03	  9.9999e-01	  9.9202e-01	
  5.1360e+03	  4.0679e+00	  1.9877e+00	  1.0086e+01	  4.0244e-02	  1.0970e+00	  1.1176e-01	  3.0895e-01	  3.2591e-01	  1.5026e-04	  7.3921e-05	  1.1209e-04	  8.5571e-02	  1.8325e+01	  6.2072e+00	  9.9861e-01	  5.5798e-05	  1.3189e-03	  9.9999e-01	  9.9196e-01	
  5.1600e+03	  4.0681e+00	  1.9874e+00	  1.0086e+01	  4.0202e-02	  1.0973e+00	  1.1157e-01	  3.0918e-01	  3.2655e-01	  1.5060e-04	  7.4072e-05	  1.1233e-04	  8.6047e-02	  1.8327e+01	  6.2070e+00	  9.9862e-01	  5.5979e-05	  1.3129e-03	  9.9999e-01	  9.9189e-01	
  5.1840e+03	  4.0683e+00	  1.9872e+00	  1.0087e+01	  4.0161e-02	  1.0976e+00	  1.1138e-01	  3.0941e-01	  3.2719e-01	  1.5093e-04	  7.4223e-05	  1.1258e-04	  8.6525e-02	  1.8328e+01	  6.2068e+00	  9.9862e-01	  5.6161e-05	  1.3069e-03	  9.9999e-01	  9.9182e-01	
  5.2080e+03	  4.0685e+00	  1.9869e+00	  1.0087e+01	  4.0119e-02	  1.0979e+00	  1.1119e-01	  3.0964e-01	  3.2783e-01	  1.5126e-04	  7.4375e-05	  1.1282e-04	  8.7003e-02	  1.8330e+01	  6.2065e+00	  9.9862e-01	  5.6342e-05	  1.3008e-03	  9.9999e-01	  9.9175e-01	
  5.2320e+03	  4.0687e+00	  1.9866e+00	  1.0088e+01	  4.0078e-02	  1.0982e+00	  1.1099e-01	  3.0987e-01	  3.2848e-01	  1.5160e-04	  7.4526e-05	  1.1306e-04	  8.7481e-02	  1.8331e+01	  6.2063e+00	  9.9862e-01	  5.6524e-05	  1.2948e-03	  9.9999e-01	  9.9168e-01	
  5.2560e+03	  4.0689e+00	  1.9863e+00	  1.0088e+01	  4.0037e-02	  1.0985e+00	  1.1080e-01	  3.1010e-01	  3.2912e-01	  1.5193e-04	  7.4677e-05	  1.1330e-04	  8.7961e-02	  1.8333e+01	  6.2061e+00	  9.9862e-01	  5.6707e-05	  1.2888e-03	  9.9999e-01	  9.9161e-01	
  5.2800e+03	  4.0692e+00	  1.9860e+00	  1.0089e+01	  3.9995e-02	  1.0987e+00	  1.1061e-01	  3.1033e-01	  3.2976e-01	  1.5227e-04	  7.4828e-05	  1.1355e-04	  8.8441e-02	  1.8334e+01	  6.2059e+00	  9.9862e-01	  5.6889e-05	  1.2827e-03	  9.9999e-01	  9.9154e-01	
  5.3040e+03	  4.0694e+00	  1.9857e+00	  1.0090e+01	  3.9954e-02	  1.0990e+00	  1.1042e-01	  3.1056e-01	  3.3040e-01	  1.5260e-04	  7.4979e-05	  1.1379e-04	  8.8921e-02	  1.8335e+01	  6.2056e+00	  9.9862e-01	  5.7072e-05	  1.2767e-03	  9.9999e-01	  9.9147e-01	
  5.3280e+03	  4.0696e+00	  1.9855e+00	  1.0090e+01	  3.9912e-02	  1.0993e+00	  1.1022e-01	  3.1079e-01	  3.3105e-01	  1.5294e-04	  7.5130e-05	  1.1403e-04	  8.9403e-02	  1.8337e+01	  6.2054e+00	  9.9862e-01	  5.7254e-05	  1.2706e-03	  9.9999e-01	  9.9140e-01	
  5.3520e+03	  4.0698e+00	  1.9852e+00	  1.0091e+01	  3.9871e-02	  1.0996e+00	  1.1003e-01	  3.1102e-01	  3.3169e-01	  1.5327e-04	  7.5280e-05	  1.1428e-04	  8.9885e-02	  1.8338e+01	  6.2052e+00	  9.9862e-01	  5.7438e-05	  1.2646e-03	  9.9999e-01	  9.9132e-01	
  5.3760e+03	  4.0700e+00	  1.9849e+00	  1.0091e+01	  3.9829e-02	  1.0999e+00	  1.0984e-01	  3.1125e-01	  3.3233e-01	  1.5361e-04	  7.5431e-05	  1.1452e-04	  9.0367e-02	  1.8340e+01	  6.2050e+00	  9.9862e-01	  5.7621e-05	  1.2585e-03	  9.9999e-01	  9.9125e-01	
  5.4000e+03	  4.0702e+00	  1.9846e+00	  1.0092e+01	  3.9787e-02	  1.1002e+00	  1.0965e-01	  3.1148e-01	  3.3298e-01	  1.5394e-04	  7.5582e-05	  1.1476e-04	  9.0851e-02	  1.8341e+01	  6.2048e+00	  9.9862e-01	  5.7805e-05	  1.2524e-03	  9.9999e-01	  9.9117e-01	
  5.4240e+03	  4.0704e+00	  1.9843e+00	  1.0092e+01	  3.9746e-02	  1.1005e+00	  1.0946e-01	  3.1171e-01	  3.3362e-01	  1.5427e-04	  7.5732e-05	  1.1500e-04	  9.1335e-02	  1.8343e+01	  6.2046e+00	  9.9862e-01	  5.7988e-05	  1.2463e-03	  9.9999e-01	  9.9110e-01	
  5.4480e+03	  4.0707e+00	  1.9840e+00	  1.0093e+01	  3.9704e-02	  1.1008e+00	  1.0927e-01	  3.1194e-01	  3.3427e-01	  1.5461e-04	  7.5883e-05	  1.1525e-04	  9.1819e-02	  1.8344e+01	  6.2043e+00	  9.9862e-01	  5.8173e-05	  1.2402e-03	  9.9999e-01	  9.9102e-01	
  5.4720e+03	  4.0709e+00	  1.9837e+00	  1.0094e+01	  3.9662e-02	  1.1011e+00	  1.0908e-01	  3.1217e-01	  3.3491e-01	  1.5494e-04	  7.6033e-05	  1.1549e-04	  9.2305e-02	  1.8345e+01	  6.2041e+00	  9.9862e-01	  5.8357e-05	  1.2341e-03	  9.9999e-01	  9.9094e-01	
  5.4960e+03	  4.0711e+00	  1.9834e+00	  1.0094e+01	  3.9621e-02	  1.1014e+00	  1.0889e-01	  3.1240e-01	  3.3555e-01	  1.5528e-04	  7.6183e-05	  1.1573e-04	  9.2791e-02	  1.8347e+01	  6.2039e+00	  9.9862e-01	  5.8542e-05	  1.2280e-03	  9.9999e-01	  9.9086e-01	
  5.5200e+03	  4.0713e+00	  1.9831e+00	  1.0095e+01	  3.9579e-02	  1.1017e+00	  1.0870e-01	  3.1263e-01	  3.3620e-01	  1.5561e-04	  7.6334e-05	  1.1597e-04	  9.3277e-02	  1.8348e+01	  6.2037e+00	  9.9862e-01	  5.8726e-05	  1.2219e-03	  9.9999e-01	  9.9078e-01	
  5.5440e+03	  4.0715e+00	  1.9828e+00	  1.0095e+01	  3.9537e-02	  1.1020e+00	  1.0851e-01	  3.1286e-01	  3.3684e-01	  1.5595e-04	  7.6484e-05	  1.1622e-04	  9.3765e-02	  1.8350e+01	  6.2035e+00	  9.9862e-01	  5.8911e-05	  1.2157e-03	  9.9999e-01	  9.9070e-01	
  5.5680e+03	  4.0717e+00	  1.9825e+00	  1.0096e+01	  3.9496e-02	  1.1023e+00	  1.0832e-01	  3.1309e-01	  3.3749e-01	  1.5628e-04	  7.6634e-05	  1.1646e-04	  9.4253e-02	  1.8351e+01	  6.2033e+00	  9.9862e-01	  5.9097e-05	  1.2096e-03	  9.9999e-01	  9.9062e-01	
  5.5920e+03	  4.0719e+00	  1.9822e+00	  1.0097e+01	  3.9454e-02	  1.1025e+00	  1.0813e-01	  3.1332e-01	  3.3813e-01	  1.5662e-04	  7.6784e-05	  1.1670e-04	  9.4741e-02	  1.8353e+01	  6.2030e+00	  9.9862e-01	  5.9282e-05	  1.2034e-03	  9.9999e-01	  9.9054e-01	
  5.6160e+03	  4.0721e+00	  1.9819e+00	  1.0097e+01	  3.9412e-02	  1.1028e+00	  1.0794e-01	  3.1355e-01	  3.3878e-01	  1.5695e-04	  7.6934e-05	  1.1694e-04	  9.5231e-02	  1.8354e+01	  6.2028e+00	  9.9862e-01	  5.9468e-05	  1.1973e-03	  9.9999e-01	  9.9045e-01	
  5.6400e+03	  4.0723e+00	  1.9816e+00	  1.0098e+01	  3.9371e-02	  1.1031e+00	  1.0775e-01	  3.1378e-01	  3.3942e-01	  1.5729e-04	  7.7083e-05	  1.1719e-04	  9.5721e-02	  1.8356e+01	  6.2026e+00	  9.9862e-01	  5.9654e-05	  1.1911e-03	  9.9999e-01	  9.9037e-01	
  5.6640e+03	  4.0725e+00	  1.9813e+00	  1.0098e+01	  3.9329e-02	  1.1034e+00	  1.0756e-01	  3.1401e-01	  3.4007e-01	  1.5762e-04	  7.7233e-05	  1.1743e-04	  9.6211e-02	  1.8357e+01	  6.2024e+00	  9.9862e-01	  5.9841e-05	  1.1849e-03	  9.9999e-01	  9.9029e-01	
  5.6880e+03	  4.0727e+00	  1.9810e+00	  1.0099e+01	  3.9287e-02	  1.1037e+00	  1.0737e-01	  3.1424e-01	  3.4071e-01	  1.5796e-04	  7.7383e-05	  1.1767e-04	  9.6703e-02	  1.8358e+01	  6.2022e+00	  9.9862e-01	  6.0027e-05	  1.1788e-03	  9.9999e-01	  9.9020e-01	
  5.7120e+03	  4.0729e+00	  1.9807e+00	  1.0100e+01	  3.9245e-02	  1.1040e+00	  1.0718e-01	  3.1447e-01	  3.4136e-01	  1.5829e-04	  7.7533e-05	  1.1791e-04	  9.7194e-02	  1.8360e+01	  6.2020e+00	  9.9862e-01	  6.0214e-05	  1.1726e-03	  9.9999e-01	  9.9011e-01	
  5.7360e+03	  4.0731e+00	  1.9803e+00	  1.0100e+01	  3.9203e-02	  1.1043e+00	  1.0699e-01	  3.1471e-01	  3.4200e-01	  1.5863e-04	  7.7682e-05	  1.1815e-04	  9.7687e-02	  1.8361e+01	  6.2018e+00	  9.9862e-01	  6.0401e-05	  1.1664e-03	  9.9999e-01	  9.9002e-01	
  5.7600e+03	  4.0733e+00	  1.9800e+00	  1.0101e+01	  3.9162e-02	  1.1046e+00	  1.0681e-01	  3.1494e-01	  3.4265e-01	  1.5896e-04	  7.7832e-05	  1.1840e-04	  9.8180e-02	  1.8363e+01	  6.2015e+00	  9.9862e-01	  6.0588e-05	  1.1602e-03	  9.9999e-01	  9.8993e-01	
  5.7840e+03	  4.0735e+00	  1.9797e+00	  1.0101e+01	  3.9120e-02	  1.1049e+00	  1.0662e-01	  3.1517e-01	  3.4329e-01	  1.5930e-04	  7.7981e-05	  1.1864e-04	  9.8674e-02	  1.8364e+01	  6.2013e+00	  9.9862e-01	  6.0776e-05	  1.1540e-03	  9.9999e-01	  9.8984e-01	
  5.8080e+03	  4.0738e+00	  1.9794e+00	  1.0102e+01	  3.9078e-02	  1.1052e+00	  1.0643e-01	  3.1540e-01	  3.4394e-01	  1.5963e-04	  7.8130e-05	  1.1888e-04	  9.9168e-02	  1.8366e+01	  6.2011e+00	  9.9862e-01	  6.0963e-05	  1.1477e-03	  9.9999e-01	  9.8975e-01	
  5.8320e+03	  4.0740e+00	  1.9791e+00	  1.0103e+01	  3.9036e-02	  1.1054e+00	  1.0624e-01	  3.1563e-01	  3.4458e-01	  1.5997e-04	  7.8280e-05	  1.1912e-04	  9.9664e-02	  1.8367e+01	  6.2009e+00	  9.9862e-01	  6.1151e-05	  1.1415e-03	  9.9999e-01	  9.8966e-01	
  5.8560e+03	  4.0742e+00	  1.9788e+00	  1.0103e+01	  3.8995e-02	  1.1057e+00	  1.0606e-01	  3.1586e-01	  3.4523e-01	  1.6030e-04	  7.8429e-05	  1.1937e-04	  1.0016e-01	  1.8368e+01	  6.2007e+00	  9.9862e-01	  6.1339e-05	  1.1353e-03	  9.9999e-01	  9.8957e-01	
  5.8800e+03	  4.0744e+00	  1.9785e+00	  1.0104e+01	  3.8953e-02	  1.1060e+00	  1.0587e-01	  3.1610e-01	  3.4587e-01	  1.6064e-04	  7.8578e-05	  1.1961e-04	  1.0066e-01	  1.8370e+01	  6.2005e+00	  9.9862e-01	  6.1528e-05	  1.1290e-03	  9.9999e-01	  9.8947e-01	
  5.9040e+03	  4.0746e+00	  1.9781e+00	  1.0104e+01	  3.8911e-02	  1.1063e+00	  1.0568e-01	  3.1633e-01	  3.4652e-01	  1.6097e-04	  7.8727e-05	  1.1985e-04	  1.0115e-01	  1.8371e+01	  6.2003e+00	  9.9862e-01	  6.1717e-05	  1.1228e-03	  9.9999e-01	  9.8938e-01	
  5.9280e+03	  4.0748e+00	  1.9778e+00	  1.0105e+01	  3.8869e-02	  1.1066e+00	  1.0550e-01	  3.1656e-01	  3.4716e-01	  1.6131e-04	  7.8876e-05	  1.2009e-04	  1.0165e-01	  1.8373e+01	  6.2001e+00	  9.9862e-01	  6.1905e-05	  1.1165e-03	  9.9999e-01	  9.8928e-01	
  5.9520e+03	  4.0750e+00	  1.9775e+00	  1.0106e+01	  3.8828e-02	  1.1069e+00	  1.0531e-01	  3.1679e-01	  3.4781e-01	  1.6164e-04	  7.9025e-05	  1.2033e-04	  1.0215e-01	  1.8374e+01	  6.1999e+00	  9.9862e-01	  6.2095e-05	  1.1103e-03	  9.9999e-01	  9.8918e-01	
  5.9760e+03	  4.0752e+00	  1.9772e+00	  1.0106e+01	  3.8786e-02	  1.1072e+00	  1.0513e-01	  3.1702e-01	  3.4845e-01	  1.6198e-04	  7.9174e-05	  1.2058e-04	  1.0265e-01	  1.8375e+01	  6.1996e+00	  9.9862e-01	  6.2284e-05	  1.1040e-03	  9.9999e-01	  9.8908e-01	
  6.0000e+03	  4.0753e+00	  1.9768e+00	  1.0107e+01	  3.8744e-02	  1.1075e+00	  1.0494e-01	  3.1726e-01	  3.4910e-01	  1.6232e-04	  7.9322e-05	  1.2082e-04	  1.0315e-01	  1.8377e+01	  6.1994e+00	  9.9862e-01	  6.2473e-05	  1.0977e-03	  9.9999e-01	  9.8898e-01	
  6.0240e+03	  4.0755e+00	  1.9765e+00	  1.0107e+01	  3.8702e-02	  1.1078e+00	  1.0476e-01	  3.1749e-01	  3.4975e-01	  1.6265e-04	  7.9471e-05	  1.2106e-04	  1.0365e-01	  1.8378e+01	  6.1992e+00	  9.9862e-01	  6.2663e-05	  1.0914e-03	  9.9999e-01	  9.8888e-01	
  6.0480e+03	  4.0757e+00	  1.9762e+00	  1.0108e+01	  3.8661e-02	  1.1080e+00	  1.0457e-01	  3.1772e-01	  3.5039e-01	  1.6299e-04	  7.9620e-05	  1.2130e-04	  1.0415e-01	  1.8380e+01	  6.1990e+00	  9.9862e-01	  6.2853e-05	  1.0851e-03	  9.9999e-01	  9.8878e-01	
  6.0720e+03	  4.0759e+00	  1.9758e+00	  1.0109e+01	  3.8619e-02	  1.1083e+00	  1.0439e-01	  3.1795e-01	  3.5104e-01	  1.6332e-04	  7.9768e-05	  1.2155e-04	  1.0465e-01	  1.8381e+01	  6.1988e+00	  9.9862e-01	  6.3044e-05	  1.0788e-03	  9.9999e-01	  9.8867e-01	
  6.0960e+03	  4.0761e+00	  1.9755e+00	  1.0109e+01	  3.8577e-02	  1.1086e+00	  1.0420e-01	  3.1819e-01	  3.5168e-01	  1.6366e-04	  7.9917e-05	  1.2179e-04	  1.0515e-01	  1.8383e+01	  6.1986e+00	  9.9861e-01	  6.3234e-05	  1.0725e-03	  9.9999e-01	  9.8857e-01	
  6.1200e+03	  4.0763e+00	  1.9752e+00	  1.0110e+01	  3.8535e-02	  1.1089e+00	  1.0402e-01	  3.1842e-01	  3.5233e-01	  1.6400e-04	  8.0065e-05	  1.2203e-04	  1.0565e-01	  1.8384e+01	  6.1984e+00	  9.9861e-01	  6.3425e-05	  1.0662e-03	  9.9999e-01	  9.8846e-01	
  6.1440e+03	  4.0765e+00	  1.9748e+00	  1.0110e+01	  3.8494e-02	  1.1092e+00	  1.0384e-01	  3.1865e-01	  3.5297e-01	  1.6433e-04	  8.0214e-05	  1.2227e-04	  1.0616e-01	  1.8385e+01	  6.1982e+00	  9.9861e-01	  6.3616e-05	  1.0599e-03	  9.9999e-01	  9.8835e-01	
  6.1680e+03	  4.0767e+00	  1.9745e+00	  1.0111e+01	  3.8452e-02	  1.1095e+00	  1.0365e-01	  3.1888e-01	  3.5362e-01	  1.6467e-04	  8.0362e-05	  1.2251e-04	  1.0666e-01	  1.8387e+01	  6.1980e+00	  9.9861e-01	  6.3807e-05	  1.0536e-03	  9.9999e-01	  9.8824e-01	
  6.1920e+03	  4.0769e+00	  1.9742e+00	  1.0112e+01	  3.8410e-02	  1.1098e+00	  1.0347e-01	  3.1912e-01	  3.5426e-01	  1.6500e-04	  8.0510e-05	  1.2276e-04	  1.0717e-01	  1.8388e+01	  6.1978e+00	  9.9861e-01	  6.3998e-05	  1.0472e-03	  9.9999e-01	  9.8813e-01	
  6.2160e+03	  4.0771e+00	  1.9738e+00	  1.0112e+01	  3.8369e-02	  1.1101e+00	  1.0329e-01	  3.1935e-01	  3.5491e-01	  1.6534e-04	  8.0658e-05	  1.2300e-04	  1.0767e-01	  1.8390e+01	  6.1976e+00	  9.9861e-01	  6.4190e-05	  1.0409e-03	  9.9999e-01	  9.8802e-01	
  6.2400e+03	  4.0773e+00	  1.9735e+00	  1.0113e+01	  3.8327e-02	  1.1103e+00	  1.0311e-01	  3.1958e-01	  3.5556e-01	  1.6568e-04	  8.0806e-05	  1.2324e-04	  1.0818e-01	  1.8391e+01	  6.1974e+00	  9.9861e-01	  6.4382e-05	  1.0345e-03	  9.9999e-01	  9.8790e-01	
  6.2640e+03	  4.0775e+00	  1.9731e+00	  1.0114e+01	  3.8286e-02	  1.1106e+00	  1.0293e-01	  3.1982e-01	  3.5620e-01	  1.6601e-04	  8.0954e-05	  1.2348e-04	  1.0868e-01	  1.8392e+01	  6.1972e+00	  9.9861e-01	  6.4574e-05	  1.0282e-03	  9.9999e-01	  9.8779e-01	
  6.2880e+03	  4.0777e+00	  1.9728e+00	  1.0114e+01	  3.8244e-02	  1.1109e+00	  1.0275e-01	  3.2005e-01	  3.5685e-01	  1.6635e-04	  8.1102e-05	  1.2373e-04	  1.0919e-01	  1.8394e+01	  6.1970e+00	  9.9861e-01	  6.4766e-05	  1.0218e-03	  9.9999e-01	  9.8767e-01	
  6.3120e+03	  4.0779e+00	  1.9724e+00	  1.0115e+01	  3.8202e-02	  1.1112e+00	  1.0256e-01	  3.2028e-01	  3.5749e-01	  1.6669e-04	  8.1250e-05	  1.2397e-04	  1.0970e-01	  1.8395e+01	  6.1968e+00	  9.9860e-01	  6.4959e-05	  1.0154e-03	  9.9999e-01	  9.8755e-01	
  6.3360e+03	  4.0781e+00	  1.9721e+00	  1.0115e+01	  3.8161e-02	  1.1115e+00	  1.0238e-01	  3.2052e-01	  3.5814e-01	  1.6702e-04	  8.1398e-05	  1.2421e-04	  1.1021e-01	  1.8397e+01	  6.1966e+00	  9.9860e-01	  6.5152e-05	  1.0090e-03	  9.9999e-01	  9.8743e-01	
  6.3600e+03	  4.0782e+00	  1.9717e+00	  1.0116e+01	  3.8119e-02	  1.1118e+00	  1.0220e-01	  3.2075e-01	  3.5878e-01	  1.6736e-04	  8.1546e-05	  1.2445e-04	  1.1072e-01	  1.8398e+01	  6.1964e+00	  9.9860e-01	  6.5345e-05	  1.0027e-03	  9.9999e-01	  9.8731e-01	
  6.3840e+03	  4.0784e+00	  1.9714e+00	  1.0117e+01	  3.8078e-02	  1.1121e+00	  1.0202e-01	  3.2098e-01	  3.5943e-01	  1.6770e-04	  8.1693e-05	  1.2469e-04	  1.1123e-01	  1.8400e+01	  6.1962e+00	  9.9860e-01	  6.5538e-05	  9.9626e-04	  9.9999e-01	  9.8718e-01	
  6.4080e+03	  4.0786e+00	  1.9710e+00	  1.0117e+01	  3.8036e-02	  1.1124e+00	  1.0184e-01	  3.2122e-01	  3.6007e-01	  1.6803e-04	  8.1841e-05	  1.2494e-04	  1.1174e-01	  1.8401e+01	  6.1960e+00	  9.9860e-01	  6.5731e-05	  9.8985e-04	  9.9999e-01	  9.8706e-01	
  6.4320e+03	  4.0788e+00	  1.9707e+00	  1.0118e+01	  3.7995e-02	  1.1126e+00	  1.0167e-01	  3.2145e-01	  3.6072e-01	  1.6837e-04	  8.1988e-05	  1.2518e-04	  1.1225e-01	  1.8402e+01	  6.1958e+00	  9.9860e-01	  6.5925e-05	  9.8344e-04	  9.9999e-01	  9.8693e-01	
  6.4560e+03	  4.0790e+00	  1.9703e+00	  1.0119e+01	  3.7954e-02	  1.1129e+00	  1.0149e-01	  3.2169e-01	  3.6136e-01	  1.6871e-04	  8.2136e-05	  1.2542e-04	  1.1276e-01	  1.8404e+01	  6.1956e+00	  9.9860e-01	  6.6119e-05	  9.7702e-04	  9.9999e-01	  9.8680e-01	
  6.4800e+03	  4.0792e+00	  1.9700e+00	  1.0119e+01	  3.7912e-02	  1.1132e+00	  1.0131e-01	  3.2192e-01	  3.6201e-01	  1.6904e-04	  8.2283e-05	  1.2566e-04	  1.1327e-01	  1.8405e+01	  6.1954e+00	  9.9859e-01	  6.6313e-05	  9.7060e-04	  9.9999e-01	  9.8667e-01	
  6.5040e+03	  4.0794e+00	  1.9696e+00	  1.0120e+01	  3.7871e-02	  1.1135e+00	  1.0113e-01	  3.2215e-01	  3.6265e-01	  1.6938e-04	  8.2430e-05	  1.2591e-04	  1.1378e-01	  1.8407e+01	  6.1952e+00	  9.9859e-01	  6.6507e-05	  9.6416e-04	  9.9999e-01	  9.8654e-01	
  6.5280e+03	  4.0796e+00	  1.9693e+00	  1.0121e+01	  3.7830e-02	  1.1138e+00	  1.0095e-01	  3.2239e-01	  3.6330e-01	  1.6972e-04	  8.2577e-05	  1.2615e-04	  1.1430e-01	  1.8408e+01	  6.1950e+00	  9.9859e-01	  6.6702e-05	  9.5772e-04	  9.9999e-01	  9.8640e-01	
  6.5520e+03	  4.0797e+00	  1.9689e+00	  1.0121e+01	  3.7788e-02	  1.1141e+00	  1.0078e-01	  3.2262e-01	  3.6394e-01	  1.7006e-04	  8.2724e-05	  1.2639e-04	  1.1481e-01	  1.8409e+01	  6.1948e+00	  9.9859e-01	  6.6897e-05	  9.5128e-04	  9.9999e-01	  9.8626e-01	
  6.5760e+03	  4.0799e+00	  1.9686e+00	  1.0122e+01	  3.7747e-02	  1.1143e+00	  1.0060e-01	  3.2286e-01	  3.6459e-01	  1.7039e-04	  8.2871e-05	  1.2663e-04	  1.1532e-01	  1.8411e+01	  6.1946e+00	  9.9859e-01	  6.7092e-05	  9.4482e-04	  9.9999e-01	  9.8613e-01	
  6.6000e+03	  4.0801e+00	  1.9682e+00	  1.0122e+01	  3.7706e-02	  1.1146e+00	  1.0042e-01	  3.2309e-01	  3.6523e-01	  1.7073e-04	  8.3018e-05	  1.2687e-04	  1.1584e-01	  1.8412e+01	  6.1944e+00	  9.9859e-01	  6.7287e-05	  9.3836e-04	  9.9999e-01	  9.8598e-01	
  6.6240e+03	  4.0803e+00	  1.9678e+00	  1.0123e+01	  3.7665e-02	  1.1149e+00	  1.0025e-01	  3.2332e-01	  3.6588e-01	  1.7107e-04	  8.3165e-05	  1.2712e-04	  1.1635e-01	  1.8414e+01	  6.1942e+00	  9.9858e-01	  6.7482e-05	  9.3189e-04	  9.9999e-01	  9.8584e-01	
  6.6480e+03	  4.0805e+00	  1.9675e+00	  1.0124e+01	  3.7624e-02	  1.1152e+00	  1.0007e-01	  3.2356e-01	  3.6652e-01	  1.7140e-04	  8.3312e-05	  1.2736e-04	  1.1687e-01	  1.8415e+01	  6.1940e+00	  9.9858e-01	  6.7678e-05	  9.2542e-04	  9.9999e-01	  9.8570e-01	
  6.6720e+03	  4.0806e+00	  1.9671e+00	  1.0124e+01	  3.7583e-02	  1.1155e+00	  9.9897e-02	  3.2379e-01	  3.6717e-01	  1.7174e-04	  8.3459e-05	  1.2760e-04	  1.1739e-01	  1.8416e+01	  6.1938e+00	  9.9858e-01	  6.7874e-05	  9.1894e-04	  9.9999e-01	  9.8555e-01	
  6.6960e+03	  4.0808e+00	  1.9667e+00	  1.0125e+01	  3.7542e-02	  1.1158e+00	  9.9722e-02	  3.2403e-01	  3.6781e-01	  1.7208e-04	  8.3605e-05	  1.2784e-04	  1.1790e-01	  1.8418e+01	  6.1936e+00	  9.9858e-01	  6.8070e-05	  9.1245e-04	  9.9999e-01	  9.8540e-01	
  6.7200e+03	  4.0810e+00	  1.9664e+00	  1.0126e+01	  3.7501e-02	  1.1160e+00	  9.9548e-02	  3.2426e-01	  3.6845e-01	  1.7242e-04	  8.3752e-05	  1.2808e-04	  1.1842e-01	  1.8419e+01	  6.1934e+00	  9.9858e-01	  6.8266e-05	  9.0595e-04	  9.9999e-01	  9.8525e-01	
  6.7440e+03	  4.0812e+00	  1.9660e+00	  1.0126e+01	  3.7460e-02	  1.1163e+00	  9.9374e-02	  3.2450e-01	  3.6910e-01	  1.7275e-04	  8.3898e-05	  1.2833e-04	  1.1894e-01	  1.8421e+01	  6.1932e+00	  9.9858e-01	  6.8463e-05	  8.9945e-04	  9.9999e-01	  9.8510e-01	
  6.7680e+03	  4.0814e+00	  1.9656e+00	  1.0127e+01	  3.7419e-02	  1.1166e+00	  9.9201e-02	  3.2473e-01	  3.6974e-01	  1.7309e-04	  8.4045e-05	  1.2857e-04	  1.1946e-01	  1.8422e+01	  6.1930e+00	  9.9857e-01	  6.8659e-05	  8.9294e-04	  9.9999e-01	  9.8494e-01	
  6.7920e+03	  4.0815e+00	  1.9652e+00	  1.0128e+01	  3.7378e-02	  1.1169e+00	  9.9028e-02	  3.2497e-01	  3.7039e-01	  1.7343e-04	  8.4191e-05	  1.2881e-04	  1.1998e-01	  1.8423e+01	  6.1928e+00	  9.9857e-01	  6.8856e-05	  8.8642e-04	  9.9999e-01	  9.8478e-01	
  6.8160e+03	  4.0817e+00	  1.9649e+00	  1.0128e+01	  3.7337e-02	  1.1172e+00	  9.8856e-02	  3.2520e-01	  3.7103e-01	  1.7377e-04	  8.4337e-05	  1.2905e-04	  1.2050e-01	  1.8425e+01	  6.1926e+00	  9.9857e-01	  6.9054e-05	  8.7990e-04	  9.9999e-01	  9.8462e-01	
  6.8400e+03	  4.0819e+00	  1.9645e+00	  1.0129e+01	  3.7297e-02	  1.1175e+00	  9.8684e-02	  3.2544e-01	  3.7167e-01	  1.7411e-04	  8.4483e-05	  1.2929e-04	  1.2102e-01	  1.8426e+01	  6.1924e+00	  9.9857e-01	  6.9251e-05	  8.7337e-04	  9.9999e-01	  9.8446e-01	
  6.8640e+03	  4.0821e+00	  1.9641e+00	  1.0130e+01	  3.7256e-02	  1.1177e+00	  9.8512e-02	  3.2567e-01	  3.7232e-01	  1.7444e-04	  8.4629e-05	  1.2954e-04	  1.2154e-01	  1.8428e+01	  6.1922e+00	  9.9856e-01	  6.9448e-05	  8.6684e-04	  9.9999e-01	  9.8429e-01	
  6.8880e+03	  4.0823e+00	  1.9637e+00	  1.0130e+01	  3.7215e-02	  1.1180e+00	  9.8341e-02	  3.2591e-01	  3.7296e-01	  1.7478e-04	  8.4775e-05	  1.2978e-04	  1.2206e-01	  1.8429e+01	  6.1920e+00	  9.9856e-01	  6.9646e-05	  8.6029e-04	  9.9999e-01	  9.8412e-01	
  6.9120e+03	  4.0824e+00	  1.9634e+00	  1.0131e+01	  3.7175e-02	  1.1183e+00	  9.8171e-02	  3.2614e-01	  3.7360e-01	  1.7512e-04	  8.4921e-05	  1.3002e-04	  1.2259e-01	  1.8430e+01	  6.1918e+00	  9.9856e-01	  6.9844e-05	  8.5374e-04	  9.9999e-01	  9.8395e-01	
  6.9360e+03	  4.0826e+00	  1.9630e+00	  1.0131e+01	  3.7134e-02	  1.1186e+00	  9.8001e-02	  3.2638e-01	  3.7425e-01	  1.7546e-04	  8.5066e-05	  1.3026e-04	  1.2311e-01	  1.8432e+01	  6.1916e+00	  9.9856e-01	  7.0042e-05	  8.4719e-04	  9.9999e-01	  9.8378e-01	
  6.9600e+03	  4.0828e+00	  1.9626e+00	  1.0132e+01	  3.7094e-02	  1.1189e+00	  9.7831e-02	  3.2662e-01	  3.7489e-01	  1.7580e-04	  8.5212e-05	  1.3050e-04	  1.2363e-01	  1.8433e+01	  6.1914e+00	  9.9856e-01	  7.0241e-05	  8.4062e-04	  9.9999e-01	  9.8360e-01	
  6.9840e+03	  4.0830e+00	  1.9622e+00	  1.0133e+01	  3.7053e-02	  1.1192e+00	  9.7662e-02	  3.2685e-01	  3.7553e-01	  1.7613e-04	  8.5358e-05	  1.3075e-04	  1.2416e-01	  1.8435e+01	  6.1912e+00	  9.9855e-01	  7.0439e-05	  8.3405e-04	  9.9999e-01	  9.8342e-01	
  7.0080e+03	  4.0831e+00	  1.9618e+00	  1.0133e+01	  3.7013e-02	  1.1194e+00	  9.7493e-02	  3.2709e-01	  3.7617e-01	  1.7647e-04	  8.5503e-05	  1.3099e-04	  1.2468e-01	  1.8436e+01	  6.1910e+00	  9.9855e-01	  7.0638e-05	  8.2748e-04	  9.9999e-01	  9.8324e-01	
  7.0320e+03	  4.0833e+00	  1.9614e+00	  1.0134e+01	  3.6973e-02	  1.1197e+00	  9.7325e-02	  3.2732e-01	  3.7681e-01	  1.7681e-04	  8.5649e-05	  1.3123e-04	  1.2521e-01	  1.8437e+01	  6.1908e+00	  9.9855e-01	  7.0837e-05	  8.2089e-04	  9.9999e-01	  9.8305e-01	
  7.0560e+03	  4.0835e+00	  1.9610e+00	  1.0135e+01	  3.6932e-02	  1.1200e+00	  9.7158e-02	  3.2756e-01	  3.7746e-01	  1.7715e-04	  8.5794e-05	  1.3147e-04	  1.2573e-01	  1.8439e+01	  6.1907e+00	  9.9855e-01	  7.1036e-05	  8.1430e-04	  9.9999e-01	  9.8286e-01	
  7.0800e+03	  4.0836e+00	  1.9607e+00	  1.0135e+01	  3.6892e-02	  1.1203e+00	  9.6990e-02	  3.2779e-01	  3.7810e-01	  1.7749e-04	  8.5939e-05	  1.3171e-04	  1.2626e-01	  1.8440e+01	  6.1905e+00	  9.9854e-01	  7.1236e-05	  8.0771e-04	  9.9998e-01	  9.8267e-01	
  7.1040e+03	  4.0838e+00	  1.9603e+00	  1.0136e+01	  3.6852e-02	  1.1206e+00	  9.6824e-02	  3.2803e-01	  3.7874e-01	  1.7783e-04	  8.6084e-05	  1.3196e-04	  1.2679e-01	  1.8442e+01	  6.1903e+00	  9.9854e-01	  7.1435e-05	  8.0110e-04	  9.9998e-01	  9.8247e-01	
  7.1280e+03	  4.0840e+00	  1.9599e+00	  1.0137e+01	  3.6812e-02	  1.1208e+00	  9.6658e-02	  3.2827e-01	  3.7938e-01	  1.7816e-04	  8.6229e-05	  1.3220e-04	  1.2731e-01	  1.8443e+01	  6.1901e+00	  9.9854e-01	  7.1635e-05	  7.9450e-04	  9.9998e-01	  9.8227e-01	
  7.1520e+03	  4.0842e+00	  1.9595e+00	  1.0137e+01	  3.6772e-02	  1.1211e+00	  9.6492e-02	  3.2850e-01	  3.8002e-01	  1.7850e-04	  8.6374e-05	  1.3244e-04	  1.2784e-01	  1.8444e+01	  6.1899e+00	  9.9854e-01	  7.1835e-05	  7.8788e-04	  9.9998e-01	  9.8207e-01	
  7.1760e+03	  4.0843e+00	  1.9591e+00	  1.0138e+01	  3.6732e-02	  1.1214e+00	  9.6327e-02	  3.2874e-01	  3.8066e-01	  1.7884e-04	  8.6519e-05	  1.3268e-04	  1.2837e-01	  1.8446e+01	  6.1897e+00	  9.9853e-01	  7.2035e-05	  7.8126e-04	  9.9998e-01	  9.8186e-01	
  7.2000e+03	  4.0845e+00	  1.9587e+00	  1.0139e+01	  3.6692e-02	  1.1217e+00	  9.6162e-02	  3.2898e-01	  3.8130e-01	  1.7918e-04	  8.6663e-05	  1.3292e-04	  1.2890e-01	  1.8447e+01	  6.1895e+00	  9.9853e-01	  7.2236e-05	  7.7463e-04	  9.9998e-01	  9.8165e-01	
  7.2240e+03	  4.0847e+00	  1.9583e+00	  1.0139e+01	  3.6653e-02	  1.1220e+00	  9.5998e-02	  3.2921e-01	  3.8194e-01	  1.7952e-04	  8.6808e-05	  1.3316e-04	  1.2943e-01	  1.8449e+01	  6.1893e+00	  9.9853e-01	  7.2436e-05	  7.6800e-04	  9.9998e-01	  9.8144e-01	
  7.2480e+03	  4.0848e+00	  1.9579e+00	  1.0140e+01	  3.6613e-02	  1.1222e+00	  9.5835e-02	  3.2945e-01	  3.8258e-01	  1.7986e-04	  8.6952e-05	  1.3341e-04	  1.2996e-01	  1.8450e+01	  6.1891e+00	  9.9853e-01	  7.2637e-05	  7.6136e-04	  9.9998e-01	  9.8122e-01	
  7.2720e+03	  4.0850e+00	  1.9575e+00	  1.0141e+01	  3.6573e-02	  1.1225e+00	  9.5671e-02	  3.2968e-01	  3.8322e-01	  1.8020e-04	  8.7097e-05	  1.3365e-04	  1.3049e-01	  1.8451e+01	  6.1889e+00	  9.9852e-01	  7.2838e-05	  7.5471e-04	  9.9998e-01	  9.8100e-01	
  7.2960e+03	  4.0852e+00	  1.9571e+00	  1.0141e+01	  3.6534e-02	  1.1228e+00	  9.5509e-02	  3.2992e-01	  3.8386e-01	  1.8054e-04	  8.7241e-05	  1.3389e-04	  1.3102e-01	  1.8453e+01	  6.1888e+00	  9.9852e-01	  7.3039e-05	  7.4806e-04	  9.9998e-01	  9.8078e-01	
  7.3200e+03	  4.0853e+00	  1.9567e+00	  1.0142e+01	  3.6495e-02	  1.1231e+00	  9.5347e-02	  3.3016e-01	  3.8450e-01	  1.8087e-04	  8.7385e-05	  1.3413e-04	  1.3155e-01	  1.8454e+01	  6.1886e+00	  9.9852e-01	  7.3241e-05	  7.4140e-04	  9.9998e-01	  9.8055e-01	
  7.3440e+03	  4.0855e+00	  1.9563e+00	  1.0143e+01	  3.6455e-02	  1.1234e+00	  9.5186e-02	  3.3039e-01	  3.8514e-01	  1.8121e-04	  8.7529e-05	  1.3437e-04	  1.3209e-01	  1.8455e+01	  6.1884e+00	  9.9852e-01	  7.3442e-05	  7.3473e-04	  9.9998e-01	  9.8031e-01	
  7.3680e+03	  4.0857e+00	  1.9559e+00	  1.0143e+01	  3.6416e-02	  1.1236e+00	  9.5025e-02	  3.3063e-01	  3.8578e-01	  1.8155e-04	  8.7673e-05	  1.3461e-04	  1.3262e-01	  1.8457e+01	  6.1882e+00	  9.9851e-01	  7.3644e-05	  7.2806e-04	  9.9998e-01	  9.8008e-01	
  7.3920e+03	  4.0858e+00	  1.9555e+00	  1.0144e+01	  3.6377e-02	  1.1239e+00	  9.4864e-02	  3.3087e-01	  3.8642e-01	  1.8189e-04	  8.7817e-05	  1.3485e-04	  1.3315e-01	  1.8458e+01	  6.1880e+00	  9.9851e-01	  7.3846e-05	  7.2138e-04	  9.9998e-01	  9.7983e-01	
  7.4160e+03	  4.0860e+00	  1.9551e+00	  1.0145e+01	  3.6338e-02	  1.1242e+00	  9.4705e-02	  3.3111e-01	  3.8706e-01	  1.8223e-04	  8.7961e-05	  1.3509e-04	  1.3369e-01	  1.8460e+01	  6.1878e+00	  9.9851e-01	  7.4048e-05	  7.1470e-04	  9.9998e-01	  9.7959e-01	
  7.4400e+03	  4.0862e+00	  1.9547e+00	  1.0145e+01	  3.6299e-02	  1.1245e+00	  9.4546e-02	  3.3134e-01	  3.8770e-01	  1.8257e-04	  8.8105e-05	  1.3534e-04	  1.3422e-01	  1.8461e+01	  6.1876e+00	  9.9850e-01	  7.4250e-05	  7.0801e-04	  9.9998e-01	  9.7934e-01	
  7.4640e+03	  4.0863e+00	  1.9542e+00	  1.0146e+01	  3.6260e-02	  1.1248e+00	  9.4387e-02	  3.3158e-01	  3.8834e-01	  1.8291e-04	  8.8248e-05	  1.3558e-04	  1.3475e-01	  1.8462e+01	  6.1874e+00	  9.9850e-01	  7.4453e-05	  7.0131e-04	  9.9998e-01	  9.7908e-01	
  7.4880e+03	  4.0865e+00	  1.9538e+00	  1.0147e+01	  3.6221e-02	  1.1250e+00	  9.4229e-02	  3.3182e-01	  3.8897e-01	  1.8325e-04	  8.8391e-05	  1.3582e-04	  1.3529e-01	  1.8464e+01	  6.1873e+00	  9.9850e-01	  7.4656e-05	  6.9461e-04	  9.9998e-01	  9.7882e-01	
  7.5120e+03	  4.0867e+00	  1.9534e+00	  1.0147e+01	  3.6182e-02	  1.1253e+00	  9.4071e-02	  3.3205e-01	  3.8961e-01	  1.8358e-04	  8.8535e-05	  1.3606e-04	  1.3583e-01	  1.8465e+01	  6.1871e+00	  9.9849e-01	  7.4858e-05	  6.8790e-04	  9.9998e-01	  9.7855e-01	
  7.5360e+03	  4.0868e+00	  1.9530e+00	  1.0148e+01	  3.6143e-02	  1.1256e+00	  9.3915e-02	  3.3229e-01	  3.9025e-01	  1.8392e-04	  8.8678e-05	  1.3630e-04	  1.3636e-01	  1.8467e+01	  6.1869e+00	  9.9849e-01	  7.5062e-05	  6.8119e-04	  9.9998e-01	  9.7828e-01	
  7.5600e+03	  4.0870e+00	  1.9526e+00	  1.0149e+01	  3.6105e-02	  1.1259e+00	  9.3758e-02	  3.3253e-01	  3.9088e-01	  1.8426e-04	  8.8821e-05	  1.3654e-04	  1.3690e-01	  1.8468e+01	  6.1867e+00	  9.9849e-01	  7.5265e-05	  6.7447e-04	  9.9998e-01	  9.7800e-01	
  7.5840e+03	  4.0871e+00	  1.9522e+00	  1.0149e+01	  3.6066e-02	  1.1261e+00	  9.3603e-02	  3.3277e-01	  3.9152e-01	  1.8460e-04	  8.8964e-05	  1.3678e-04	  1.3744e-01	  1.8469e+01	  6.1865e+00	  9.9849e-01	  7.5468e-05	  6.6775e-04	  9.9998e-01	  9.7772e-01	
  7.6080e+03	  4.0873e+00	  1.9518e+00	  1.0150e+01	  3.6028e-02	  1.1264e+00	  9.3448e-02	  3.3300e-01	  3.9216e-01	  1.8494e-04	  8.9107e-05	  1.3702e-04	  1.3798e-01	  1.8471e+01	  6.1863e+00	  9.9848e-01	  7.5672e-05	  6.6102e-04	  9.9998e-01	  9.7743e-01	
  7.6320e+03	  4.0875e+00	  1.9513e+00	  1.0151e+01	  3.5990e-02	  1.1267e+00	  9.3293e-02	  3.3324e-01	  3.9279e-01	  1.8528e-04	  8.9249e-05	  1.3726e-04	  1.3851e-01	  1.8472e+01	  6.1861e+00	  9.9848e-01	  7.5876e-05	  6.5428e-04	  9.9998e-01	  9.7713e-01	
  7.6560e+03	  4.0876e+00	  1.9509e+00	  1.0152e+01	  3.5951e-02	  1.1270e+00	  9.3139e-02	  3.3348e-01	  3.9343e-01	  1.8562e-04	  8.9392e-05	  1.3750e-04	  1.3905e-01	  1.8473e+01	  6.1860e+00	  9.9848e-01	  7.6080e-05	  6.4754e-04	  9.9998e-01	  9.7683e-01	
  7.6800e+03	  4.0878e+00	  1.9505e+00	  1.0152e+01	  3.5913e-02	  1.1272e+00	  9.2986e-02	  3.3372e-01	  3.9406e-01	  1.8596e-04	  8.9535e-05	  1.3775e-04	  1.3959e-01	  1.8475e+01	  6.1858e+00	  9.9847e-01	  7.6284e-05	  6.4079e-04	  9.9998e-01	  9.7652e-01	
  7.7040e+03	  4.0879e+00	  1.9501e+00	  1.0153e+01	  3.5875e-02	  1.1275e+00	  9.2834e-02	  3.3396e-01	  3.9470e-01	  1.8630e-04	  8.9677e-05	  1.3799e-04	  1.4013e-01	  1.8476e+01	  6.1856e+00	  9.9847e-01	  7.6488e-05	  6.3404e-04	  9.9998e-01	  9.7621e-01	
  7.7280e+03	  4.0881e+00	  1.9496e+00	  1.0154e+01	  3.5838e-02	  1.1278e+00	  9.2682e-02	  3.3419e-01	  3.9533e-01	  1.8663e-04	  8.9819e-05	  1.3823e-04	  1.4067e-01	  1.8478e+01	  6.1854e+00	  9.9847e-01	  7.6692e-05	  6.2728e-04	  9.9998e-01	  9.7589e-01	
  7.7520e+03	  4.0882e+00	  1.9492e+00	  1.0154e+01	  3.5800e-02	  1.1281e+00	  9.2530e-02	  3.3443e-01	  3.9597e-01	  1.8697e-04	  8.9961e-05	  1.3847e-04	  1.4121e-01	  1.8479e+01	  6.1852e+00	  9.9846e-01	  7.6897e-05	  6.2052e-04	  9.9998e-01	  9.7556e-01	
  7.7760e+03	  4.0884e+00	  1.9488e+00	  1.0155e+01	  3.5762e-02	  1.1284e+00	  9.2380e-02	  3.3467e-01	  3.9660e-01	  1.8731e-04	  9.0103e-05	  1.3871e-04	  1.4175e-01	  1.8480e+01	  6.1850e+00	  9.9846e-01	  7.7102e-05	  6.1375e-04	  9.9998e-01	  9.7522e-01	
  7.8000e+03	  4.0886e+00	  1.9484e+00	  1.0156e+01	  3.5725e-02	  1.1286e+00	  9.2230e-02	  3.3491e-01	  3.9723e-01	  1.8765e-04	  9.0245e-05	  1.3895e-04	  1.4230e-01	  1.8482e+01	  6.1849e+00	  9.9846e-01	  7.7307e-05	  6.0697e-04	  9.9998e-01	  9.7488e-01	
  7.8240e+03	  4.0887e+00	  1.9479e+00	  1.0156e+01	  3.5687e-02	  1.1289e+00	  9.2080e-02	  3.3515e-01	  3.9787e-01	  1.8799e-04	  9.0387e-05	  1.3919e-04	  1.4284e-01	  1.8483e+01	  6.1847e+00	  9.9845e-01	  7.7512e-05	  6.0019e-04	  9.9998e-01	  9.7453e-01	
  7.8480e+03	  4.0889e+00	  1.9475e+00	  1.0157e+01	  3.5650e-02	  1.1292e+00	  9.1932e-02	  3.3539e-01	  3.9850e-01	  1.8833e-04	  9.0528e-05	  1.3943e-04	  1.4338e-01	  1.8484e+01	  6.1845e+00	  9.9845e-01	  7.7717e-05	  5.9341e-04	  9.9998e-01	  9.7417e-01	
  7.8720e+03	  4.0890e+00	  1.9471e+00	  1.0158e+01	  3.5613e-02	  1.1295e+00	  9.1784e-02	  3.3562e-01	  3.9913e-01	  1.8867e-04	  9.0670e-05	  1.3967e-04	  1.4392e-01	  1.8486e+01	  6.1843e+00	  9.9845e-01	  7.7923e-05	  5.8662e-04	  9.9998e-01	  9.7380e-01	
  7.8960e+03	  4.0892e+00	  1.9466e+00	  1.0158e+01	  3.5576e-02	  1.1297e+00	  9.1636e-02	  3.3586e-01	  3.9976e-01	  1.8901e-04	  9.0811e-05	  1.3991e-04	  1.4447e-01	  1.8487e+01	  6.1841e+00	  9.9844e-01	  7.8128e-05	  5.7983e-04	  9.9998e-01	  9.7342e-01	
  7.9200e+03	  4.0893e+00	  1.9462e+00	  1.0159e+01	  3.5539e-02	  1.1300e+00	  9.1490e-02	  3.3610e-01	  4.0039e-01	  1.8935e-04	  9.0952e-05	  1.4015e-04	  1.4501e-01	  1.8489e+01	  6.1840e+00	  9.9844e-01	  7.8334e-05	  5.7303e-04	  9.9998e-01	  9.7304e-01	
  7.9440e+03	  4.0895e+00	  1.9458e+00	  1.0160e+01	  3.5502e-02	  1.1303e+00	  9.1344e-02	  3.3634e-01	  4.0102e-01	  1.8968e-04	  9.1093e-05	  1.4039e-04	  1.4556e-01	  1.8490e+01	  6.1838e+00	  9.9844e-01	  7.8540e-05	  5.6622e-04	  9.9998e-01	  9.7264e-01	
  7.9680e+03	  4.0896e+00	  1.9453e+00	  1.0161e+01	  3.5465e-02	  1.1306e+00	  9.1198e-02	  3.3658e-01	  4.0166e-01	  1.9002e-04	  9.1234e-05	  1.4063e-04	  1.4610e-01	  1.8491e+01	  6.1836e+00	  9.9843e-01	  7.8746e-05	  5.5941e-04	  9.9998e-01	  9.7224e-01	
  7.9920e+03	  4.0898e+00	  1.9449e+00	  1.0161e+01	  3.5429e-02	  1.1308e+00	  9.1054e-02	  3.3682e-01	  4.0229e-01	  1.9036e-04	  9.1375e-05	  1.4087e-04	  1.4665e-01	  1.8493e+01	  6.1834e+00	  9.9843e-01	  7.8952e-05	  5.5260e-04	  9.9998e-01	  9.7183e-01	
  8.0160e+03	  4.0899e+00	  1.9444e+00	  1.0162e+01	  3.5392e-02	  1.1311e+00	  9.0910e-02	  3.3706e-01	  4.0291e-01	  1.9070e-04	  9.1516e-05	  1.4111e-04	  1.4719e-01	  1.8494e+01	  6.1832e+00	  9.9843e-01	  7.9159e-05	  5.4578e-04	  9.9998e-01	  9.7140e-01	
  8.0400e+03	  4.0901e+00	  1.9440e+00	  1.0163e+01	  3.5356e-02	  1.1314e+00	  9.0767e-02	  3.3730e-01	  4.0354e-01	  1.9104e-04	  9.1656e-05	  1.4135e-04	  1.4774e-01	  1.8495e+01	  6.1831e+00	  9.9842e-01	  7.9365e-05	  5.3896e-04	  9.9998e-01	  9.7097e-01	
  8.0640e+03	  4.0903e+00	  1.9436e+00	  1.0163e+01	  3.5320e-02	  1.1316e+00	  9.0624e-02	  3.3754e-01	  4.0417e-01	  1.9138e-04	  9.1796e-05	  1.4159e-04	  1.4828e-01	  1.8497e+01	  6.1829e+00	  9.9842e-01	  7.9572e-05	  5.3213e-04	  9.9998e-01	  9.7052e-01	
  8.0880e+03	  4.0904e+00	  1.9431e+00	  1.0164e+01	  3.5284e-02	  1.1319e+00	  9.0483e-02	  3.3778e-01	  4.0480e-01	  1.9172e-04	  9.1937e-05	  1.4183e-04	  1.4883e-01	  1.8498e+01	  6.1827e+00	  9.9841e-01	  7.9779e-05	  5.2530e-04	  9.9998e-01	  9.7007e-01	
  8.1120e+03	  4.0906e+00	  1.9427e+00	  1.0165e+01	  3.5248e-02	  1.1322e+00	  9.0342e-02	  3.3801e-01	  4.0543e-01	  1.9206e-04	  9.2077e-05	  1.4207e-04	  1.4938e-01	  1.8500e+01	  6.1825e+00	  9.9841e-01	  7.9986e-05	  5.1846e-04	  9.9998e-01	  9.6960e-01	
  8.1360e+03	  4.0907e+00	  1.9422e+00	  1.0165e+01	  3.5212e-02	  1.1325e+00	  9.0202e-02	  3.3825e-01	  4.0605e-01	  1.9239e-04	  9.2217e-05	  1.4231e-04	  1.4993e-01	  1.8501e+01	  6.1824e+00	  9.9841e-01	  8.0193e-05	  5.1162e-04	  9.9998e-01	  9.6912e-01	
  8.1600e+03	  4.0909e+00	  1.9418e+00	  1.0166e+01	  3.5177e-02	  1.1327e+00	  9.0062e-02	  3.3849e-01	  4.0668e-01	  1.9273e-04	  9.2356e-05	  1.4254e-04	  1.5047e-01	  1.8502e+01	  6.1822e+00	  9.9840e-01	  8.0400e-05	  5.0477e-04	  9.9998e-01	  9.6862e-01	
  8.1840e+03	  4.0910e+00	  1.9413e+00	  1.0167e+01	  3.5141e-02	  1.1330e+00	  8.9924e-02	  3.3873e-01	  4.0731e-01	  1.9307e-04	  9.2496e-05	  1.4278e-04	  1.5102e-01	  1.8504e+01	  6.1820e+00	  9.9840e-01	  8.0607e-05	  4.9793e-04	  9.9998e-01	  9.6811e-01	
  8.2080e+03	  4.0912e+00	  1.9409e+00	  1.0168e+01	  3.5106e-02	  1.1333e+00	  8.9786e-02	  3.3897e-01	  4.0793e-01	  1.9341e-04	  9.2635e-05	  1.4302e-04	  1.5157e-01	  1.8505e+01	  6.1818e+00	  9.9840e-01	  8.0815e-05	  4.9107e-04	  9.9998e-01	  9.6759e-01	
  8.2320e+03	  4.0913e+00	  1.9404e+00	  1.0168e+01	  3.5071e-02	  1.1336e+00	  8.9649e-02	  3.3921e-01	  4.0856e-01	  1.9375e-04	  9.2775e-05	  1.4326e-04	  1.5212e-01	  1.8506e+01	  6.1816e+00	  9.9839e-01	  8.1022e-05	  4.8422e-04	  9.9998e-01	  9.6706e-01	
  8.2560e+03	  4.0915e+00	  1.9400e+00	  1.0169e+01	  3.5036e-02	  1.1338e+00	  8.9513e-02	  3.3945e-01	  4.0918e-01	  1.9409e-04	  9.2914e-05	  1.4350e-04	  1.5267e-01	  1.8508e+01	  6.1815e+00	  9.9839e-01	  8.1230e-05	  4.7736e-04	  9.9998e-01	  9.6651e-01	
  8.2800e+03	  4.0916e+00	  1.9395e+00	  1.0170e+01	  3.5001e-02	  1.1341e+00	  8.9378e-02	  3.3969e-01	  4.0980e-01	  1.9442e-04	  9.3053e-05	  1.4374e-04	  1.5322e-01	  1.8509e+01	  6.1813e+00	  9.9838e-01	  8.1438e-05	  4.7049e-04	  9.9998e-01	  9.6594e-01	
  8.3040e+03	  4.0918e+00	  1.9391e+00	  1.0170e+01	  3.4967e-02	  1.1344e+00	  8.9243e-02	  3.3993e-01	  4.1043e-01	  1.9476e-04	  9.3192e-05	  1.4398e-04	  1.5377e-01	  1.8511e+01	  6.1811e+00	  9.9838e-01	  8.1646e-05	  4.6362e-04	  9.9998e-01	  9.6536e-01	
  8.3280e+03	  4.0919e+00	  1.9386e+00	  1.0171e+01	  3.4932e-02	  1.1346e+00	  8.9110e-02	  3.4017e-01	  4.1105e-01	  1.9510e-04	  9.3330e-05	  1.4422e-04	  1.5432e-01	  1.8512e+01	  6.1809e+00	  9.9838e-01	  8.1854e-05	  4.5675e-04	  9.9998e-01	  9.6476e-01	
  8.3520e+03	  4.0920e+00	  1.9381e+00	  1.0172e+01	  3.4898e-02	  1.1349e+00	  8.8977e-02	  3.4042e-01	  4.1167e-01	  1.9544e-04	  9.3469e-05	  1.4445e-04	  1.5487e-01	  1.8513e+01	  6.1808e+00	  9.9837e-01	  8.2062e-05	  4.4988e-04	  9.9998e-01	  9.6414e-01	
  8.3760e+03	  4.0922e+00	  1.9377e+00	  1.0173e+01	  3.4864e-02	  1.1352e+00	  8.8845e-02	  3.4066e-01	  4.1229e-01	  1.9578e-04	  9.3607e-05	  1.4469e-04	  1.5542e-01	  1.8515e+01	  6.1806e+00	  9.9837e-01	  8.2270e-05	  4.4300e-04	  9.9998e-01	  9.6350e-01	
  8.4000e+03	  4.0923e+00	  1.9372e+00	  1.0173e+01	  3.4830e-02	  1.1355e+00	  8.8714e-02	  3.4090e-01	  4.1291e-01	  1.9611e-04	  9.3745e-05	  1.4493e-04	  1.5597e-01	  1.8516e+01	  6.1804e+00	  9.9836e-01	  8.2479e-05	  4.3612e-04	  9.9998e-01	  9.6285e-01	
  8.4240e+03	  4.0925e+00	  1.9368e+00	  1.0174e+01	  3.4796e-02	  1.1357e+00	  8.8584e-02	  3.4114e-01	  4.1353e-01	  1.9645e-04	  9.3883e-05	  1.4517e-04	  1.5652e-01	  1.8517e+01	  6.1803e+00	  9.9836e-01	  8.2687e-05	  4.2924e-04	  9.9998e-01	  9.6217e-01	
  8.4480e+03	  4.0926e+00	  1.9363e+00	  1.0175e+01	  3.4763e-02	  1.1360e+00	  8.8455e-02	  3.4138e-01	  4.1415e-01	  1.9679e-04	  9.4021e-05	  1.4541e-04	  1.5708e-01	  1.8519e+01	  6.1801e+00	  9.9836e-01	  8.2896e-05	  4.2235e-04	  9.9998e-01	  9.6147e-01	
  8.4720e+03	  4.0928e+00	  1.9358e+00	  1.0175e+01	  3.4729e-02	  1.1363e+00	  8.8327e-02	  3.4162e-01	  4.1477e-01	  1.9713e-04	  9.4159e-05	  1.4564e-04	  1.5763e-01	  1.8520e+01	  6.1799e+00	  9.9835e-01	  8.3104e-05	  4.1546e-04	  9.9998e-01	  9.6075e-01	
  8.4960e+03	  4.0929e+00	  1.9354e+00	  1.0176e+01	  3.4696e-02	  1.1365e+00	  8.8199e-02	  3.4186e-01	  4.1539e-01	  1.9746e-04	  9.4296e-05	  1.4588e-04	  1.5818e-01	  1.8522e+01	  6.1797e+00	  9.9835e-01	  8.3313e-05	  4.0857e-04	  9.9998e-01	  9.6001e-01	
  8.5200e+03	  4.0931e+00	  1.9349e+00	  1.0177e+01	  3.4663e-02	  1.1368e+00	  8.8073e-02	  3.4210e-01	  4.1600e-01	  1.9780e-04	  9.4433e-05	  1.4612e-04	  1.5873e-01	  1.8523e+01	  6.1796e+00	  9.9834e-01	  8.3522e-05	  4.0168e-04	  9.9998e-01	  9.5924e-01	
  8.5440e+03	  4.0932e+00	  1.9344e+00	  1.0178e+01	  3.4631e-02	  1.1371e+00	  8.7948e-02	  3.4234e-01	  4.1662e-01	  1.9814e-04	  9.4570e-05	  1.4635e-04	  1.5929e-01	  1.8524e+01	  6.1794e+00	  9.9834e-01	  8.3731e-05	  3.9478e-04	  9.9998e-01	  9.5844e-01	
  8.5680e+03	  4.0934e+00	  1.9340e+00	  1.0178e+01	  3.4598e-02	  1.1374e+00	  8.7824e-02	  3.4259e-01	  4.1723e-01	  1.9848e-04	  9.4707e-05	  1.4659e-04	  1.5984e-01	  1.8526e+01	  6.1792e+00	  9.9834e-01	  8.3940e-05	  3.8789e-04	  9.9998e-01	  9.5762e-01	
  8.5920e+03	  4.0935e+00	  1.9335e+00	  1.0179e+01	  3.4566e-02	  1.1376e+00	  8.7700e-02	  3.4283e-01	  4.1785e-01	  1.9881e-04	  9.4844e-05	  1.4683e-04	  1.6039e-01	  1.8527e+01	  6.1791e+00	  9.9833e-01	  8.4148e-05	  3.8099e-04	  9.9998e-01	  9.5677e-01	
  8.6160e+03	  4.0937e+00	  1.9330e+00	  1.0180e+01	  3.4534e-02	  1.1379e+00	  8.7578e-02	  3.4307e-01	  4.1846e-01	  1.9915e-04	  9.4981e-05	  1.4707e-04	  1.6094e-01	  1.8528e+01	  6.1789e+00	  9.9833e-01	  8.4357e-05	  3.7409e-04	  9.9998e-01	  9.5589e-01	
  8.6400e+03	  4.0938e+00	  1.9326e+00	  1.0180e+01	  3.4502e-02	  1.1382e+00	  8.7457e-02	  3.4331e-01	  4.1907e-01	  1.9949e-04	  9.5117e-05	  1.4730e-04	  1.6150e-01	  1.8530e+01	  6.1787e+00	  9.9832e-01	  8.4567e-05	  3.6719e-04	  9.9998e-01	  9.5498e-01	
  8.6640e+03	  4.0939e+00	  1.9321e+00	  1.0181e+01	  3.4470e-02	  1.1384e+00	  8.7337e-02	  3.4355e-01	  4.1969e-01	  1.9982e-04	  9.5253e-05	  1.4754e-04	  1.6205e-01	  1.8531e+01	  6.1785e+00	  9.9832e-01	  8.4776e-05	  3.6029e-04	  9.9998e-01	  9.5404e-01	
  8.6880e+03	  4.0941e+00	  1.9316e+00	  1.0182e+01	  3.4439e-02	  1.1387e+00	  8.7218e-02	  3.4380e-01	  4.2030e-01	  2.0016e-04	  9.5389e-05	  1.4777e-04	  1.6260e-01	  1.8532e+01	  6.1784e+00	  9.9831e-01	  8.4985e-05	  3.5339e-04	  9.9998e-01	  9.5306e-01	
  8.7120e+03	  4.0942e+00	  1.9311e+00	  1.0183e+01	  3.4408e-02	  1.1390e+00	  8.7101e-02	  3.4404e-01	  4.2090e-01	  2.0050e-04	  9.5525e-05	  1.4801e-04	  1.6316e-01	  1.8534e+01	  6.1782e+00	  9.9831e-01	  8.5194e-05	  3.4648e-04	  9.9998e-01	  9.5205e-01	
  8.7360e+03	  4.0944e+00	  1.9307e+00	  1.0183e+01	  3.4377e-02	  1.1392e+00	  8.6984e-02	  3.4428e-01	  4.2151e-01	  2.0083e-04	  9.5660e-05	  1.4825e-04	  1.6371e-01	  1.8535e+01	  6.1780e+00	  9.9831e-01	  8.5403e-05	  3.3958e-04	  9.9998e-01	  9.5099e-01	
  8.7600e+03	  4.0945e+00	  1.9302e+00	  1.0184e+01	  3.4346e-02	  1.1395e+00	  8.6869e-02	  3.4452e-01	  4.2212e-01	  2.0117e-04	  9.5795e-05	  1.4848e-04	  1.6427e-01	  1.8537e+01	  6.1779e+00	  9.9830e-01	  8.5612e-05	  3.3268e-04	  9.9998e-01	  9.4989e-01	
